2.5   0.102776       1.36785       5.3036       12.3498       22.5445    
2.76315789474   0.0358047       0.680005       3.2154       8.25036       15.8632    
3.02631578947   0.0106094       0.300245       1.8313       5.3538       11.0227    
3.28947368421   0.00260037       0.113892       0.951635       3.31508       7.48027    
3.55263157895   0.000458045       0.0359109       0.435595       1.91323       4.88909    
3.81578947368   3.4714e-05       0.00893459       0.168785       0.997475       3.02059    
4.07894736842   0.000144016       0.00129587       0.052852       0.45134       1.71862    
4.34210526316   0.000179661       0.000530118       0.0120399       0.168747       0.868505    
4.60526315789   0.00020432       0.000965595       0.000499861       0.0483954       0.371344    
4.86842105263   0.000228597       0.0011359       0.00227682       0.00773186       0.125414    
5.13157894737   0.000254006       0.00126937       0.00302717       0.00324852       0.0280159    
5.39473684211   0.00028073       0.00140372       0.00341716       0.00595874       0.00209182    
5.65789473684   0.00030879       0.00154412       0.00376729       0.00693194       0.00980598    
5.92105263158   0.000338186       0.00169114       0.00412686       0.00764084       0.0120609    
6.18421052632   0.000368919       0.00184485       0.00450207       0.00834068       0.0133417    
6.44736842105   0.000400989       0.00200524       0.00489356       0.00906652       0.014523    
6.71052631579   0.000434396       0.00217233       0.00530138       0.00982228       0.0157356    
6.97368421053   0.000469141       0.00234611       0.00572555       0.0106083       0.0169953    
7.23684210526   0.000505222       0.00252658       0.00616607       0.0114247       0.0183034    
7.5   0.000542641       0.00271375       0.00662294       0.0122714       0.0196602    
4.45   0.000190089       0.000776583       0.00538481       0.105112       0.627589    
4.5   0.000194716       0.000852039       0.00335137       0.0829993       0.534193    
4.55   0.000199289       0.000912027       0.00179373       0.06474       0.451392    
4.6   0.000203841       0.000960948       0.00060685       0.0497961       0.378474    
4.65   0.000208394       0.00100203       0.000293906       0.0376746       0.314716    
4.75   0.000217562       0.00106941       0.00149241       0.020164       0.211752    
