2.5   0.102733       1.3674       5.30146       12.3431       22.5281    
2.76315789474   0.0357556       0.679616       3.21363       8.24484       15.8498    
3.02631578947   0.0105519       0.299878       1.82978       5.34917       11.0115    
3.28947368421   0.00253246       0.113516       0.950287       3.3111       7.47073    
3.55263157895   0.000378682       0.0355013       0.434333       1.90974       4.88083    
3.81578947368   0.000126386       0.00847285       0.167526       0.994312       3.01332    
4.07894736842   0.000248815       0.000771242       0.0515197       0.448352       1.71208    
4.34210526316   0.000298436       0.00112412       0.0105748       0.165769       0.862476    
4.60526315789   0.000337934       0.00163378       0.00113424       0.0452646       0.365559    
4.86842105263   0.000377921       0.00188268       0.00409991       0.00432385       0.119584    
5.13157894737   0.000419913       0.00209911       0.00505232       0.00700747       0.0218606    
5.39473684211   0.000464095       0.0023208       0.00565547       0.0101074       0.00877368    
5.65789473684   0.000510486       0.0025529       0.0062295       0.0114947       0.0171235    
5.92105263158   0.000559087       0.00279601       0.00682369       0.0126384       0.0200697    
6.18421052632   0.000609899       0.00305018       0.00744421       0.013793       0.0220786    
6.44736842105   0.000662922       0.00331542       0.00809172       0.0149935       0.0240207    
6.71052631579   0.000718157       0.00359174       0.0087663       0.0162438       0.0260262    
6.97368421053   0.000775604       0.00387913       0.00946794       0.0175444       0.0281107    
7.23684210526   0.000835262       0.0041776       0.0101967       0.0188952       0.0302758    
7.5   0.000897133       0.00448715       0.0109525       0.0202963       0.0325216    
4.45   0.000314842       0.00140045       0.00385364       0.10209       0.621693    
4.5   0.00032229       0.00149001       0.00178794       0.0799472       0.528344    
4.55   0.000329714       0.00156426       0.000197163       0.0616532       0.445579    
4.6   0.000337149       0.0016276       0.00102363       0.0466697       0.372687    
4.65   0.000344617       0.00168327       0.00195901       0.034504       0.308944    
4.75   0.000359708       0.00178028       0.0032286       0.0168928       0.205979    
