2.5   0.102789       1.36797       5.30422       12.3517       22.5492    
2.76315789474   0.035819       0.680118       3.21592       8.25196       15.8671    
3.02631578947   0.0106262       0.300351       1.83174       5.35515       11.026    
3.28947368421   0.00262012       0.114001       0.952027       3.31623       7.48305    
3.55263157895   0.000481134       0.0360301       0.435962       1.91425       4.89149    
3.81578947368   8.04449e-06       0.00906891       0.169151       0.998395       3.0227    
4.07894736842   0.000113527       0.00144848       0.0532395       0.452209       1.72052    
4.34210526316   0.000145107       0.000357321       0.0124661       0.169614       0.870259    
4.60526315789   0.000165449       0.00077122       0.00097519       0.0493061       0.373027    
4.86842105263   0.000185156       0.000918664       0.00174652       0.0087231       0.12711    
5.13157894737   0.00020574       0.001028       0.00243812       0.00215525       0.0298061    
5.39473684211   0.000227387       0.00113696       0.00276612       0.00475218       0.000148674    
5.65789473684   0.000250114       0.00125068       0.00305114       0.00560499       0.00767809    
5.92105263158   0.000273924       0.00136976       0.0033425       0.0061875       0.00973216    
6.18421052632   0.000298817       0.00149425       0.00364639       0.00675515       0.0108014    
6.44736842105   0.000324792       0.00162416       0.00396344       0.00734303       0.0117615    
6.71052631579   0.000351851       0.00175948       0.00429372       0.00795505       0.0127438    
6.97368421053   0.000379992       0.00190022       0.00463723       0.00859158       0.0137638    
7.23684210526   0.000409216       0.00204639       0.00499398       0.00925265       0.014823    
7.5   0.000439523       0.00219797       0.00536397       0.00993826       0.0159216    
4.45   0.000153795       0.000595097       0.00583021       0.105992       0.629304    
4.5   0.000157602       0.000666451       0.00380614       0.0838871       0.535895    
4.55   0.000161346       0.000722291       0.00225814       0.0656379       0.453083    
4.6   0.000165059       0.000767017       0.00108113       0.0507055       0.380158    
4.65   0.000168764       0.000803858       0.000190441       0.0385968       0.316395    
4.75   0.000176209       0.000862615       0.000987393       0.0211155       0.213431    
