2.5   0.102626       1.36633       5.29626       12.3267       22.4883    
2.76315789474   0.0356362       0.678673       3.20932       8.23143       15.8172    
3.02631578947   0.010412       0.298986       1.8261       5.33791       10.9843    
3.28947368421   0.00236744       0.112603       0.947013       3.30145       7.44755    
3.55263157895   0.000185809       0.0345055       0.431267       1.90126       4.86078    
3.81578947368   0.000349173       0.00735057       0.164467       0.986629       2.99566    
4.07894736842   0.000503512       0.00050393       0.0482811       0.441092       1.69622    
4.34210526316   0.0005871       0.00256796       0.00701298       0.158529       0.847824    
4.60526315789   0.000662668       0.003258       0.00510712       0.0376521       0.351498    
4.86842105263   0.000740845       0.00369803       0.00853258       0.00396378       0.105408    
5.13157894737   0.000823151       0.00411622       0.00997659       0.0161496       0.00688894    
5.39473684211   0.000909772       0.00455032       0.0110984       0.0201982       0.0250296    
5.65789473684   0.00100073       0.00500548       0.0122173       0.0225939       0.0349287    
5.92105263158   0.00109602       0.00548233       0.0133825       0.0247964       0.0395593    
6.18421052632   0.00119565       0.00598091       0.0146002       0.0270588       0.043343    
6.44736842105   0.00129963       0.00650124       0.0158711       0.0294158       0.04714    
6.71052631579   0.00140794       0.00704335       0.0171953       0.0318713       0.0510793    
6.97368421053   0.00152059       0.00760722       0.0185727       0.034426       0.0551762    
7.23684210526   0.00163759       0.00819289       0.0200035       0.0370798       0.0594324    
7.5   0.00175893       0.00880035       0.0214877       0.039833       0.0638483    
4.45   0.00061804       0.00291693       0.00013113       0.094741       0.607364    
4.5   0.000632343       0.00304077       0.00201304       0.0725268       0.514127    
4.55   0.000646699       0.0031497       0.00368442       0.0541482       0.431451    
4.6   0.000661142       0.00324812       0.00498773       0.0390682       0.358621    
4.65   0.000675694       0.00333923       0.00600733       0.0267947       0.294915    
4.75   0.000705185       0.00350831       0.00744984       0.00893829       0.191945    
