      0.0796813    0.000673952    -0.00117025     0.00163153     0.00214722     0.00280642
       0.159363     0.00140011    -0.00242979     0.00338559     0.00445296     0.00581588
       0.239044     0.00217893    -0.00377792     0.00525904     0.00691002      0.0090144
       0.318725     0.00301079    -0.00521362     0.00724811     0.00951015      0.0123862
       0.398406     0.00389594    -0.00673555     0.00934839       0.012244       0.015914
       0.478088     0.00483453    -0.00834208      0.0115549      0.0151013      0.0195787
       0.557769      0.0058266     -0.0100312       0.013862      0.0180708      0.0233598
        0.63745     0.00687207     -0.0118006      0.0162635      0.0211402      0.0272357
       0.717131     0.00797076     -0.0136478      0.0187526      0.0242965      0.0311832
       0.796813     0.00912238     -0.0155698      0.0213221      0.0275257      0.0351784
       0.876494      0.0103265     -0.0175633       0.023964      0.0308134      0.0391962
       0.956175      0.0115826     -0.0196249      0.0266702      0.0341441      0.0432109
        1.03586      0.0128901     -0.0217507      0.0294317       0.037502      0.0471963
        1.11554      0.0142481     -0.0239367      0.0322395      0.0408708      0.0511256
        1.19522      0.0156558     -0.0261784      0.0350837      0.0442336      0.0549719
         1.2749      0.0171123     -0.0284713      0.0379545      0.0475732      0.0587083
        1.35458      0.0186164     -0.0308104      0.0408416      0.0508724       0.062308
        1.43426      0.0201669     -0.0331907      0.0437344      0.0541135      0.0657445
        1.51394      0.0217626     -0.0356067      0.0466219      0.0572789      0.0689921
        1.59363      0.0234019      -0.038053      0.0494933      0.0603511      0.0720254
        1.67331      0.0250835     -0.0405238      0.0523373      0.0633127      0.0748204
        1.75299      0.0268055     -0.0430131      0.0551426      0.0661464      0.0773538
        1.83267      0.0285665     -0.0455148      0.0578978      0.0688355      0.0796039
        1.91235      0.0303644     -0.0480228      0.0605918      0.0713636        0.08155
        1.99203      0.0321974     -0.0505306       0.063213      0.0737147      0.0831736
        2.07171      0.0340635     -0.0530318      0.0657503      0.0758736      0.0844575
        2.15139      0.0359606     -0.0555198      0.0681926      0.0778257      0.0853865
        2.23108      0.0378866      -0.057988       0.070529      0.0795574      0.0859475
        2.31076      0.0398392     -0.0604298      0.0727489      0.0810558      0.0861295
        2.39044      0.0418162     -0.0628384      0.0748417      0.0823089      0.0859238
        2.47012       0.043815     -0.0652071      0.0767976       0.083306      0.0853239
         2.5498      0.0458334     -0.0675292      0.0786067      0.0840374      0.0843257
        2.62948      0.0478687     -0.0697982      0.0802598      0.0844944      0.0829278
        2.70916      0.0499186     -0.0720073      0.0817481      0.0846698       0.081131
        2.78884      0.0519803     -0.0741501      0.0830633      0.0845575      0.0789387
        2.86853      0.0540512     -0.0762202      0.0841977      0.0841528      0.0763569
        2.94821      0.0561288     -0.0782112      0.0851439      0.0834525       0.073394
        3.02789      0.0582102      -0.080117      0.0858955      0.0824546       0.070061
        3.10757      0.0602928     -0.0819315      0.0864465      0.0811586      0.0663713
        3.18725      0.0623738      -0.083649      0.0867917      0.0795654      0.0623406
        3.26693      0.0644506     -0.0852637      0.0869264      0.0776775      0.0579869
        3.34661      0.0665203     -0.0867703      0.0868469      0.0754988      0.0533303
        3.42629      0.0685802     -0.0881636        0.08655      0.0730345      0.0483933
        3.50598      0.0706276     -0.0894385      0.0860334      0.0702913      0.0432001
        3.58566      0.0726597     -0.0905905      0.0852956      0.0672773      0.0377767
        3.66534      0.0746738      -0.091615      0.0843358      0.0640022      0.0321508
        3.74502      0.0766673      -0.092508       0.083154      0.0604767      0.0263516
         3.8247      0.0786375     -0.0932657       0.081751      0.0567129      0.0204098
        3.90438      0.0805817     -0.0938845      0.0801285      0.0527242      0.0143568
        3.98406      0.0824974     -0.0943612      0.0782888      0.0485252     0.00822536
        4.06375       0.084382      -0.094693      0.0762353      0.0441315     0.00204878
        4.14343       0.086233     -0.0948774      0.0739719      0.0395599    -0.00413909
        4.22311      0.0880481     -0.0949123      0.0715033      0.0348279     -0.0103041
        4.30279      0.0898248     -0.0947958      0.0688352      0.0299541     -0.0164119
        4.38247      0.0915608     -0.0945265      0.0659738      0.0249578     -0.0224284
        4.46215       0.093254     -0.0941033       0.062926      0.0198592     -0.0283197
        4.54183      0.0949021     -0.0935256      0.0596997      0.0146787     -0.0340526
        4.62151       0.096503      -0.092793       0.056303     0.00943762     -0.0395944
         4.7012      0.0980547     -0.0919057      0.0527451     0.00415739     -0.0449137
        4.78088      0.0995554     -0.0908639      0.0490354    -0.00114012       -0.04998
        4.86056       0.101003     -0.0896685      0.0451842    -0.00643288     -0.0547642
        4.94024       0.102396     -0.0883207      0.0412021     -0.0116988     -0.0592388
        5.01992       0.103733      -0.086822      0.0371003     -0.0169157      -0.063378
         5.0996       0.105012     -0.0851743      0.0328904     -0.0220617     -0.0671579
        5.17928       0.106232     -0.0833798      0.0285845     -0.0271151     -0.0705565
        5.25896       0.107391      -0.081441       0.024195     -0.0320544     -0.0735543
        5.33865       0.108489      -0.079361      0.0197345     -0.0368587     -0.0761336
        5.41833       0.109523     -0.0771429      0.0152161     -0.0415076     -0.0782795
        5.49801       0.110493     -0.0747903       0.010653     -0.0459814     -0.0799795
        5.57769       0.111399     -0.0723071     0.00605847      -0.050261     -0.0812236
        5.65737       0.112239     -0.0696975     0.00144613     -0.0543282     -0.0820046
        5.73705       0.113012     -0.0669658    -0.00317047     -0.0581658     -0.0823178
        5.81673       0.113718     -0.0641167    -0.00777772     -0.0617574     -0.0821613
        5.89641       0.114357     -0.0611553      -0.012362     -0.0650879     -0.0815361
         5.9761       0.114928     -0.0580867     -0.0169099     -0.0681431     -0.0804456
        6.05578       0.115431     -0.0549164     -0.0214079     -0.0709101     -0.0788962
        6.13546       0.115865     -0.0516499     -0.0258428     -0.0733774     -0.0768968
        6.21514       0.116231      -0.048293     -0.0302016     -0.0755347     -0.0744589
        6.29482       0.116529     -0.0448519     -0.0344715     -0.0773731     -0.0715966
         6.3745       0.116759     -0.0413325     -0.0386401     -0.0788849     -0.0683264
        6.45418       0.116921     -0.0377412     -0.0426952      -0.080064     -0.0646672
        6.53386       0.117015     -0.0340843      -0.046625      -0.080906     -0.0606401
        6.61355       0.117042     -0.0303685     -0.0504184     -0.0814074     -0.0562683
        6.69323       0.117003     -0.0266002     -0.0540643     -0.0815666     -0.0515768
        6.77291       0.116898     -0.0227861     -0.0575525     -0.0813835     -0.0465927
        6.85259       0.116728     -0.0189329     -0.0608731     -0.0808592     -0.0413445
        6.93227       0.116494     -0.0150473     -0.0640168     -0.0799964     -0.0358621
        7.01195       0.116196     -0.0111361     -0.0669749     -0.0787994     -0.0301769
        7.09163       0.115836    -0.00720608     -0.0697393     -0.0772736     -0.0243212
        7.17131       0.115415    -0.00326386     -0.0723026     -0.0754261     -0.0183284
          7.251       0.114934    0.000683834      -0.074658      -0.073265     -0.0122323
        7.33068       0.114394     0.00463039     -0.0767992     -0.0708002    -0.00606743
        7.41036       0.113797     0.00856925      -0.078721     -0.0680423    0.000131521
        7.49004       0.113143      0.0124939     -0.0804184     -0.0650035     0.00632973
        7.56972       0.112434      0.0163981     -0.0818875     -0.0616969      0.0124925
         7.6494       0.111672      0.0202755     -0.0831249     -0.0581367      0.0185855
        7.72908       0.110859        0.02412      -0.084128     -0.0543383      0.0245749
        7.80876       0.109995      0.0279256     -0.0848948     -0.0503178      0.0304275
        7.88845       0.109083      0.0316866     -0.0854242     -0.0460921      0.0361112
        7.96813       0.108124      0.0353972     -0.0857157      -0.041679      0.0415947
        8.04781        0.10712       0.039052     -0.0857695     -0.0370971      0.0468482
        8.12749       0.106072      0.0426457     -0.0855865     -0.0323652      0.0518433
        8.20717       0.104983      0.0461732     -0.0851683      -0.027503      0.0565529
        8.28685       0.103853      0.0496297     -0.0845172     -0.0225304       0.060952
        8.36653       0.102686      0.0530105     -0.0836361     -0.0174676      0.0650172
        8.44622       0.101483      0.0563112     -0.0825285     -0.0123351      0.0687271
         8.5259       0.100245      0.0595276     -0.0811986    -0.00715366      0.0720624
        8.60558      0.0989752      0.0626557     -0.0796511    -0.00194388       0.075006
        8.68526      0.0976746      0.0656919     -0.0778915     0.00327357       0.077543
        8.76494      0.0963453      0.0686326     -0.0759255     0.00847815      0.0796607
        8.84462      0.0949891      0.0714747     -0.0737594      0.0136496      0.0813491
         8.9243       0.093608      0.0742151     -0.0714003      0.0187678      0.0826002
        9.00398      0.0922038      0.0768513     -0.0688554      0.0238131      0.0834087
        9.08367      0.0907784      0.0793806     -0.0661325      0.0287664      0.0837715
        9.16335      0.0893336       0.081801     -0.0632396       0.033609      0.0836883
        9.24303      0.0878712      0.0841106     -0.0601854      0.0383227      0.0831607
        9.32271      0.0863931      0.0863075     -0.0569786      0.0428904      0.0821931
        9.40239       0.084901      0.0883905     -0.0536284      0.0472951      0.0807921
        9.48207      0.0833968      0.0903583     -0.0501442      0.0515211      0.0789664
        9.56175      0.0818821      0.0922101     -0.0465355      0.0555534      0.0767271
        9.64143      0.0803586      0.0939452     -0.0428123      0.0593777      0.0740873
        9.72112       0.078828       0.095563     -0.0389845       0.062981      0.0710623
         9.8008       0.077292      0.0970635     -0.0350621      0.0663509      0.0676691
        9.88048      0.0757522      0.0984467     -0.0310554      0.0694764      0.0639266
        9.96016        0.07421      0.0997128     -0.0269746      0.0723472      0.0598553
        10.0398      0.0726672       0.100862       -0.02283      0.0749542      0.0554775
        10.1195       0.071125       0.101896     -0.0186319      0.0772895      0.0508166
        10.1992      0.0695851       0.102815     -0.0143904      0.0793462      0.0458974
        10.2789      0.0680487        0.10362     -0.0101158      0.0811186      0.0407461
        10.3586      0.0665173       0.104312    -0.00581808      0.0826019      0.0353893
        10.4382      0.0649921       0.104893    -0.00150722      0.0837927       0.029855
        10.5179      0.0634744       0.105365     0.00280702      0.0846886      0.0241715
        10.5976      0.0619655       0.105729     0.00711504      0.0852882      0.0183677
        10.6773      0.0604664       0.105987      0.0114074      0.0855914       0.012473
         10.757      0.0589784       0.106142       0.015675       0.085599     0.00651676
        10.8367      0.0575024       0.106195      0.0199089       0.085313    0.000528553
        10.9163      0.0560395        0.10615      0.0241004      0.0847362    -0.00546223
         10.996      0.0545907       0.106008      0.0282412      0.0838726     -0.0114265
        11.0757      0.0531569       0.105773      0.0323233      0.0827272     -0.0173354
        11.1554      0.0517389       0.105446      0.0363388      0.0813057     -0.0231609
        11.2351      0.0503376       0.105031      0.0402804      0.0796148     -0.0288755
        11.3147      0.0489537       0.104531      0.0441412       0.077662     -0.0344524
        11.3944       0.047588       0.103948      0.0479143      0.0754558      -0.039866
        11.4741      0.0462411       0.103287      0.0515935      0.0730051     -0.0450916
        11.5538      0.0449137       0.102548      0.0551729      0.0703197     -0.0501056
        11.6335      0.0436064       0.101737       0.058647      0.0674101     -0.0548859
        11.7131      0.0423196       0.100856      0.0620106      0.0642872     -0.0594114
        11.7928      0.0410538      0.0999082       0.065259      0.0609626     -0.0636628
        11.8725      0.0398096      0.0988968      0.0683878      0.0574483     -0.0676221
        11.9522      0.0385873      0.0978252      0.0713932      0.0537567     -0.0712729
        12.0319      0.0373872      0.0966967      0.0742715      0.0499007     -0.0746003
        12.1116      0.0362096      0.0955144      0.0770197      0.0458934     -0.0775915
        12.1912      0.0350549      0.0942816      0.0796351      0.0417482     -0.0802349
        12.2709      0.0339233      0.0930016      0.0821152      0.0374787     -0.0825208
        12.3506      0.0328149      0.0916774      0.0844582      0.0330986     -0.0844415
        12.4303      0.0317299      0.0903125      0.0866625      0.0286218     -0.0859907
          12.51      0.0306684      0.0889097      0.0887269      0.0240622      -0.087164
        12.5896      0.0296305      0.0874723      0.0906506      0.0194336     -0.0879588
        12.6693      0.0286162      0.0860034       0.092433      0.0147498     -0.0883741
         12.749      0.0276257      0.0845058      0.0940742      0.0100246     -0.0884107
        12.8287      0.0266587      0.0829827      0.0955742     0.00527159     -0.0880709
        12.9084      0.0257154      0.0814368      0.0969337    0.000504059     -0.0873589
         12.988      0.0247955      0.0798709      0.0981536    -0.00426485     -0.0862801
        13.0677      0.0238991       0.078288      0.0992349    -0.00902228     -0.0848418
        13.1474       0.023026      0.0766905       0.100179     -0.0137557     -0.0830524
        13.2271      0.0221759      0.0750812       0.100988     -0.0184529     -0.0809218
        13.3068      0.0213489      0.0734626       0.101664     -0.0231022     -0.0784612
        13.3865      0.0205446      0.0718371       0.102208      -0.027692     -0.0756832
        13.4661      0.0197628      0.0702071       0.102624     -0.0322116     -0.0726012
        13.5458      0.0190033      0.0685749       0.102913     -0.0366504       -0.06923
        13.6255      0.0182658      0.0669427        0.10308     -0.0409984      -0.065585
        13.7052      0.0175501      0.0653126       0.103126     -0.0452462     -0.0616829
        13.7849      0.0168558      0.0636867       0.103056     -0.0493849     -0.0575409
        13.8645      0.0161826      0.0620668       0.102872     -0.0534059     -0.0531768
        13.9442      0.0155303      0.0604549       0.102578     -0.0573015     -0.0486094
        14.0239      0.0148985      0.0588527       0.102178     -0.0610645     -0.0438576
        14.1036      0.0142869      0.0572618       0.101676      -0.064688     -0.0389409
        14.1833       0.013695      0.0556839       0.101075     -0.0681659      -0.033879
        14.2629      0.0131225      0.0541205       0.100379     -0.0714927      -0.028692
        14.3426      0.0125692      0.0525729      0.0995921     -0.0746635        -0.0234
        14.4223      0.0120344      0.0510425      0.0987188     -0.0776737     -0.0180232
         14.502       0.011518      0.0495305      0.0977631     -0.0805196     -0.0125816
        14.5817      0.0110195       0.048038       0.096729     -0.0831979    -0.00709518
        14.6614      0.0105384      0.0465662      0.0956207     -0.0857059    -0.00158379
         14.741      0.0100745      0.0451159      0.0944423     -0.0880414     0.00393312
        14.8207     0.00962728      0.0436882       0.093198     -0.0902027     0.00943644
        14.9004     0.00919635      0.0422837      0.0918919     -0.0921889      0.0149075
        14.9801     0.00878131      0.0409034      0.0905282     -0.0939992      0.0203281
        15.0598     0.00838175      0.0395477      0.0891108     -0.0956335      0.0256806
        15.1394     0.00799728      0.0382174       0.087644     -0.0970922      0.0309481
        15.2191     0.00762748      0.0369129      0.0861315     -0.0983762      0.0361141
        15.2988     0.00727196      0.0356347      0.0845773     -0.0994867      0.0411631
        15.3785     0.00693031      0.0343832      0.0829853      -0.100425      0.0460802
        15.4582     0.00660214      0.0331587      0.0813592      -0.101194      0.0508514
        15.5378     0.00628705      0.0319615      0.0797026      -0.101795      0.0554633
        15.6175     0.00598465      0.0307917      0.0780192      -0.102232      0.0599037
        15.6972     0.00569455      0.0296496      0.0763124      -0.102508      0.0641609
        15.7769     0.00541638      0.0285352      0.0745856      -0.102625      0.0682245
        15.8566     0.00514975      0.0274485       0.072842      -0.102588      0.0720847
        15.9363     0.00489428      0.0263895      0.0710849        -0.1024      0.0757327
        16.0159     0.00464963      0.0253582      0.0693172      -0.102067      0.0791608
        16.0956     0.00441541      0.0243545       0.067542      -0.101591      0.0823619
        16.1753     0.00419128      0.0233781      0.0657619      -0.100978      0.0853301
         16.255     0.00397689       0.022429      0.0639798      -0.100233      0.0880604
        16.3347     0.00377189      0.0215069       0.062198     -0.0993601      0.0905485
        16.4143     0.00357596      0.0206115      0.0604192     -0.0983646      0.0927912
         16.494     0.00338875      0.0197425      0.0586455     -0.0972517       0.094786
        16.5737     0.00320995      0.0188996      0.0568792     -0.0960264      0.0965314
        16.6534     0.00303924      0.0180825      0.0551223     -0.0946942      0.0980267
        16.7331     0.00287632      0.0172907      0.0533767     -0.0932603      0.0992719
        16.8127     0.00272088      0.0165239      0.0516442     -0.0917299       0.100268
        16.8924     0.00257262      0.0157815      0.0499266     -0.0901085       0.101016
        16.9721     0.00243128      0.0150632      0.0482253     -0.0884012       0.101519
        17.0518     0.00229655      0.0143685      0.0465418     -0.0866134        0.10178
        17.1315     0.00216817      0.0136969      0.0448774     -0.0847502       0.101801
        17.2112     0.00204588      0.0130478      0.0432332     -0.0828168       0.101588
        17.2908     0.00192942      0.0124208      0.0416103     -0.0808183       0.101145
        17.3705     0.00181854      0.0118153      0.0400097     -0.0787595       0.100477
        17.4502     0.00171299      0.0112308      0.0384322     -0.0766454      0.0995908
        17.5299     0.00161253      0.0106666      0.0368785     -0.0744807      0.0984912
        17.6096     0.00151694      0.0101223      0.0353493       -0.07227      0.0971854
        17.6892       0.001426     0.00959722      0.0338449     -0.0700178      0.0956801
        17.7689     0.00133947      0.0090908      0.0323659     -0.0677283      0.0939827
        17.8486     0.00125717     0.00860245      0.0309125     -0.0654057      0.0921005
        17.9283     0.00117887     0.00813157      0.0294848      -0.063054      0.0900413
         18.008     0.00110439     0.00767756      0.0280831     -0.0606769       0.087813
        18.0876     0.00103353     0.00723982      0.0267073     -0.0582782      0.0854236
        18.1673    0.000966097     0.00681774      0.0253573     -0.0558612      0.0828813
         18.247    0.000901919     0.00641071      0.0240329     -0.0534291      0.0801942
        18.3267    0.000840818     0.00601811      0.0227338     -0.0509851      0.0773707
        18.4064    0.000782621     0.00563933      0.0214598     -0.0485319       0.074419
        18.4861    0.000727164     0.00527375      0.0202103     -0.0460721      0.0713473
        18.5657    0.000674286     0.00492076      0.0189849     -0.0436082      0.0681639
        18.6454    0.000623828     0.00457974       0.017783     -0.0411423      0.0648767
        18.7251     0.00057564     0.00425006      0.0166038     -0.0386765      0.0614939
        18.8048     0.00052957     0.00393111      0.0154466     -0.0362125      0.0580231
        18.8845    0.000485476     0.00362226      0.0143107     -0.0337519       0.054472
        18.9641    0.000443214     0.00332288      0.0131951      -0.031296       0.050848
        19.0438    0.000402645     0.00303235      0.0120988     -0.0288459      0.0471584
        19.1235    0.000363634     0.00275003      0.0110208     -0.0264024      0.0434101
        19.2032    0.000326046     0.00247529     0.00995996     -0.0239664      0.0396099
        19.2829     0.00028975     0.00220748     0.00891514     -0.0215382       0.035764
        19.3625    0.000254616     0.00194597     0.00788506      -0.019118      0.0318787
        19.4422    0.000220514      0.0016901      0.0068684     -0.0167059      0.0279597
        19.5219    0.000187318      0.0014392     0.00586375     -0.0143016      0.0240126
        19.6016    0.000154899     0.00119262     0.00486963     -0.0119047      0.0200424
        19.6813    0.000123131    0.000949655      0.0038845    -0.00951458       0.016054
         19.761    9.18858e-05    0.000709628     0.00290673    -0.00713026      0.0120516
        19.8406    6.10357e-05    0.000471829     0.00193459    -0.00475065     0.00803949
        19.9203     3.0451e-05    0.000235533    0.000966311    -0.00237442     0.00402119
