              0              0              0              0              0              0
      0.0460396      0.0148306     -0.0181487      0.0202998       0.022241      0.0249782
      0.0920792       0.029567     -0.0360283      0.0401265      0.0437731      0.0489319
       0.138119       0.044116     -0.0533743      0.0590188      0.0639108      0.0708792
       0.184158      0.0583863     -0.0699308      0.0765381      0.0820138      0.0899217
       0.230198      0.0722895     -0.0854553      0.0922791      0.0975086       0.105282
       0.276238      0.0857414     -0.0997219        0.10588       0.109906       0.116335
       0.322277      0.0986619      -0.112526        0.11703       0.118818       0.122635
       0.368317       0.110977      -0.123686       0.125479       0.123969       0.123931
       0.414356       0.122618      -0.133047       0.131039       0.125204       0.120178
       0.460396       0.133525      -0.140483       0.133594       0.122494        0.11154
       0.506436       0.143643      -0.145899       0.133094       0.115934       0.098376
       0.552475       0.152925      -0.149231       0.129566       0.105742      0.0812298
       0.598515       0.161334      -0.150445       0.123101      0.0922474      0.0608041
       0.644554        0.16884      -0.149543       0.113861      0.0758826      0.0379302
       0.690594       0.175421      -0.146555       0.102068       0.057166      0.0135337
       0.736634       0.181065      -0.141542      0.0879995      0.0366849     -0.0114043
       0.782673       0.185765      -0.134592      0.0719811      0.0150767     -0.0358875
       0.828713       0.189526       -0.12582      0.0543787    -0.00699251     -0.0589452
       0.874752       0.192358      -0.115366      0.0355881      -0.028849     -0.0796707
       0.920792       0.194278      -0.103389      0.0160258     -0.0498327     -0.0972571
       0.966832       0.195313     -0.0900631    -0.00388115     -0.0693176      -0.111029
        1.01287       0.195493     -0.0755805     -0.0237053     -0.0867303      -0.120465
        1.05891       0.194856     -0.0601413     -0.0430286      -0.101567      -0.125223
        1.10495       0.193442     -0.0439531     -0.0614514      -0.113408       -0.12514
        1.15099         0.1913     -0.0272268      -0.078601      -0.121927      -0.120249
        1.19703       0.188478     -0.0101731     -0.0941395      -0.126902      -0.110762
        1.24307       0.185031     0.00700048       -0.10777      -0.128218     -0.0970673
        1.28911       0.181013      0.0240932      -0.119242      -0.125866     -0.0797091
        1.33515       0.176482      0.0409135      -0.128355      -0.119946     -0.0593618
        1.38119       0.171496      0.0572815      -0.134961      -0.110656     -0.0368037
        1.42723       0.166113      0.0730317      -0.138968      -0.098286     -0.0128846
        1.47327       0.160391      0.0880141      -0.140337     -0.0832076      0.0115074
        1.51931       0.154388       0.102096       -0.13908     -0.0658597      0.0354803
        1.56535       0.148158       0.115164      -0.135262     -0.0467348      0.0581713
        1.61139       0.141756       0.127121      -0.128995     -0.0263629      0.0787781
        1.65743       0.135233       0.137893      -0.120432    -0.00529576      0.0965869
        1.70347       0.128638       0.147423      -0.109763      0.0159093       0.110996
         1.7495       0.122016       0.155673     -0.0972105      0.0367052       0.121534
        1.79554        0.11541       0.162625     -0.0830237      0.0565691       0.127876
        1.84158       0.108858       0.168276     -0.0674693      0.0750165       0.129845
        1.88762       0.102398       0.172641     -0.0508276       0.091612       0.127421
        1.93366      0.0960594       0.175749     -0.0333852       0.105979       0.120733
         1.9797      0.0898717       0.177644     -0.0154293       0.117808       0.110049
        2.02574      0.0838592        0.17838     0.00275802       0.126861      0.0957645
        2.07178       0.078043       0.178023       0.020905       0.132973      0.0783846
        2.11782      0.0724407       0.176644       0.038755       0.136057      0.0585024
        2.16386      0.0670666       0.174326      0.0560703       0.136097      0.0367764
         2.2099      0.0619317       0.171152      0.0726353        0.13315      0.0139068
        2.25594      0.0570441       0.167211      0.0882594       0.127337    -0.00938927
        2.30198      0.0524093       0.162595       0.102779       0.118839     -0.0324015
        2.34802      0.0480299       0.157393       0.116057       0.107887     -0.0544485
        2.39406      0.0439065       0.151697       0.127987      0.0947575     -0.0748982
         2.4401      0.0400374       0.145593       0.138489      0.0797587     -0.0931853
        2.48614       0.036419       0.139168       0.147511      0.0632241      -0.108826
        2.53218      0.0330462       0.132502       0.155028      0.0455026      -0.121428
        2.57822      0.0299124       0.125672        0.16104      0.0269491      -0.130699
        2.62426      0.0270099       0.118749       0.165567     0.00791624       -0.13645
         2.6703        0.02433       0.111798       0.168652     -0.0112534      -0.138596
        2.71634      0.0218631       0.104879       0.170356     -0.0302343       -0.13715
        2.76238      0.0195992      0.0980449       0.170754     -0.0487244      -0.132224
        2.80842      0.0175277      0.0913424       0.169934     -0.0664495      -0.124012
        2.85446      0.0156377      0.0848123       0.167995     -0.0831674      -0.112786
         2.9005      0.0139185      0.0784891       0.165042     -0.0986707     -0.0988815
        2.94653      0.0123589      0.0724015       0.161186      -0.112788     -0.0826838
        2.99257      0.0109482      0.0665725       0.156539      -0.125387     -0.0646158
        3.03861     0.00967573        0.06102       0.151216      -0.136368     -0.0451238
        3.08465      0.0085311      0.0557567       0.145329      -0.145672     -0.0246638
        3.13069      0.0075043       0.050791       0.138985       -0.15327    -0.00368943
        3.17673      0.0065857      0.0461273        0.13229      -0.159167      0.0173596
        3.22277     0.00576609      0.0417662       0.125341      -0.163395      0.0380679
        3.26881     0.00503677      0.0377051       0.118231      -0.166013      0.0580525
        3.31485     0.00438951      0.0339388       0.111043      -0.167098      0.0769706
        3.36089     0.00381658      0.0304597       0.103854      -0.166749      0.0945239
        3.40693     0.00331076      0.0272581      0.0967303      -0.165077       0.110463
        3.45297     0.00286534      0.0243229      0.0897326      -0.162205       0.124588
        3.49901     0.00247413      0.0216416      0.0829113      -0.158262       0.136751
        3.54505     0.00213139      0.0192011      0.0763095      -0.153381       0.146853
        3.59109     0.00183188      0.0169872      0.0699619      -0.147697       0.154843
        3.63713     0.00157079      0.0149858      0.0638963      -0.141343       0.160713
        3.68317     0.00134377      0.0131823      0.0581333      -0.134446       0.164497
        3.72921     0.00114684      0.0115624       0.052687       -0.12713       0.166263
        3.77525    0.000976427      0.0101118      0.0475659      -0.119509        0.16611
        3.82129    0.000829304     0.00881671      0.0427732      -0.111689       0.164161
        3.86733    0.000702577     0.00766378      0.0383076      -0.103766       0.160558
        3.91337    0.000593656     0.00664015      0.0341637     -0.0958248        0.15546
        3.95941    0.000500232     0.00573358      0.0303325     -0.0879398        0.14903
        4.00545     0.00042025     0.00493251      0.0268024     -0.0801739       0.141439
        4.05149    0.000351887     0.00422603      0.0235591      -0.072579       0.132855
        4.09752    0.000293531      0.0036039      0.0205865     -0.0651957       0.123445
        4.14356    0.000243755     0.00305659      0.0178667     -0.0580546       0.113363
         4.1896      0.0002013     0.00257518      0.0153807     -0.0511757       0.102757
        4.23564    0.000165054     0.00215139      0.0131085     -0.0445696      0.0917579
        4.28168    0.000134036      0.0017775      0.0110293     -0.0382377      0.0804846
        4.32772    0.000107374     0.00144633     0.00912168     -0.0321729      0.0690371
        4.37376    8.42928e-05     0.00115113     0.00736358     -0.0263598      0.0574984
         4.4198    6.40933e-05    0.000885526     0.00573245     -0.0207753      0.0459324
        4.46584    4.61401e-05    0.000643459     0.00420508     -0.0153888      0.0343841
        4.51188    2.98441e-05    0.000419051     0.00275748     -0.0101624      0.0228788
        4.55792    1.46461e-05     0.00020651      0.0013646    -0.00505047      0.0114222
