      0.0231343     0.00361413     0.00490642     0.00578202    -0.00655001     0.00753455
      0.0462687     0.00730403     0.00990557      0.0116612     -0.0131961      0.0151624
       0.069403      0.0110626      0.0149774      0.0176016     -0.0198833      0.0228026
      0.0925373      0.0148824      0.0201014      0.0235663     -0.0265555      0.0303736
       0.115672      0.0187561      0.0252566      0.0295184     -0.0331568      0.0377938
       0.138806      0.0226759      0.0304219      0.0354205     -0.0396312      0.0449827
        0.16194      0.0266342      0.0355761      0.0412354     -0.0459235       0.051862
       0.185075       0.030623      0.0406978      0.0469264     -0.0519797      0.0583557
       0.208209      0.0346345      0.0457657       0.052457     -0.0577473      0.0643918
       0.231343      0.0386605      0.0507585      0.0577918     -0.0631761      0.0699027
       0.254478      0.0426932      0.0556553      0.0628964     -0.0682183      0.0748256
       0.277612      0.0467244      0.0604356      0.0677375     -0.0728291       0.079104
       0.300746      0.0507461      0.0650791      0.0722835     -0.0769671      0.0826876
       0.323881      0.0547504       0.069566      0.0765042     -0.0805947      0.0855334
       0.347015      0.0587293      0.0738773      0.0803718     -0.0836779      0.0876056
       0.370149      0.0626751      0.0779947      0.0838599     -0.0861877      0.0888767
       0.393284      0.0665799      0.0819003       0.086945     -0.0880991      0.0893272
       0.416418      0.0704363      0.0855776      0.0896055     -0.0893923      0.0889463
       0.439552      0.0742368      0.0890105      0.0918226     -0.0900523      0.0877315
       0.462687      0.0779742      0.0921843      0.0935801     -0.0900693      0.0856894
       0.485821      0.0816413       0.095085      0.0948645     -0.0894388      0.0828349
       0.508955      0.0852314         0.0977      0.0956652     -0.0881613      0.0791915
        0.53209      0.0887378       0.100018      0.0959746     -0.0862428      0.0747909
       0.555224      0.0921543       0.102028      0.0957879     -0.0836945      0.0696727
       0.578358      0.0954746       0.103721      0.0951034     -0.0805324       0.063884
       0.601493       0.098693        0.10509      0.0939222     -0.0767779      0.0574791
       0.624627       0.101804       0.106128      0.0922486      -0.072457      0.0505184
       0.647761       0.104803        0.10683      0.0900896     -0.0676002      0.0430683
       0.670896       0.107683       0.107192      0.0874554     -0.0622425      0.0352005
        0.69403       0.110442       0.107212      0.0843588     -0.0564228      0.0269907
       0.717164       0.113075       0.106888      0.0808152     -0.0501837      0.0185185
       0.740299       0.115578       0.106221      0.0768429     -0.0435713     0.00986617
       0.763433       0.117947       0.105212      0.0724626     -0.0366345     0.00111774
       0.786567        0.12018       0.103864      0.0676973     -0.0294249    -0.00764157
       0.809701       0.122273       0.102182      0.0625721      -0.021996     -0.0163265
       0.832836       0.124224        0.10017      0.0571144     -0.0144033     -0.0248523
        0.85597       0.126031      0.0978366      0.0513533    -0.00670336     -0.0331362
       0.879104       0.127693      0.0951882      0.0453196     0.00104651     -0.0410975
       0.902239       0.129208      0.0922342      0.0390454     0.00878859     -0.0486589
       0.925373       0.130576      0.0889847      0.0325645      0.0164654     -0.0557472
       0.948507       0.131795      0.0854508      0.0259112      0.0240199     -0.0622939
       0.971642       0.132866      0.0816446      0.0191212      0.0313963      -0.068236
       0.994776       0.133789      0.0775789      0.0122303      0.0385402     -0.0735165
        1.01791       0.134564      0.0732678     0.00527515      0.0453991     -0.0780851
        1.04104       0.135192      0.0687256    -0.00170768       0.051923     -0.0818984
        1.06418       0.135675      0.0639677    -0.00868158      0.0580644     -0.0849208
        1.08731       0.136013        0.05901     -0.0156102      0.0637789     -0.0871243
        1.11045       0.136209       0.053869     -0.0224576      0.0690254     -0.0884891
        1.13358       0.136264      0.0485614     -0.0291886      0.0737668     -0.0890035
        1.15672       0.136182      0.0431045     -0.0357687      0.0779696     -0.0886641
        1.17985       0.135965      0.0375161     -0.0421648      0.0816046      -0.087476
        1.20299       0.135615      0.0318138     -0.0483446      0.0846469     -0.0854522
        1.22612       0.135136      0.0260156     -0.0542775      0.0870763     -0.0826139
        1.24925       0.134532      0.0201396     -0.0599345      0.0888769     -0.0789898
        1.27239       0.133805      0.0142038     -0.0652879      0.0900379     -0.0746162
        1.29552        0.13296     0.00822619     -0.0703124      0.0905529     -0.0695364
        1.31866          0.132     0.00222452     -0.0749843      0.0904206     -0.0638002
        1.34179       0.130931    -0.00378359     -0.0792819       0.089644     -0.0574633
        1.36493       0.129755    -0.00978084     -0.0831861       0.088231     -0.0505868
        1.38806       0.128478     -0.0157503     -0.0866795      0.0861941     -0.0432367
        1.41119       0.127103     -0.0216754     -0.0897473        0.08355     -0.0354829
        1.43433       0.125637       -0.02754     -0.0923771      0.0803197      -0.027399
        1.45746       0.124083     -0.0333287     -0.0945586      0.0765282     -0.0190608
         1.4806       0.122446     -0.0390264     -0.0962841      0.0722044     -0.0105464
        1.50373        0.12073     -0.0446189     -0.0975483      0.0673804    -0.00193473
        1.52687       0.118942     -0.0500923     -0.0983481      0.0620918     0.00669469
           1.55       0.117086     -0.0554338     -0.0986829      0.0563771      0.0152628
        1.57313       0.115166     -0.0606311     -0.0985543      0.0502773      0.0236917
        1.59627       0.113188     -0.0656726     -0.0979663      0.0438359      0.0319054
         1.6194       0.111157     -0.0705478      -0.096925       0.037098      0.0398302
        1.64254       0.109077     -0.0752466     -0.0954385      0.0301105      0.0473958
        1.66567       0.106953     -0.0797601     -0.0935172      0.0229216      0.0545357
        1.68881       0.104789     -0.0840801     -0.0911732      0.0155801      0.0611877
        1.71194       0.102592     -0.0881991     -0.0884204     0.00813553      0.0672947
        1.73507       0.100365     -0.0921108     -0.0852745    0.000637425      0.0728047
        1.75821       0.098112     -0.0958093     -0.0817529    -0.00686485      0.0776717
        1.78134      0.0958385       -0.09929     -0.0778742     -0.0143225      0.0818557
        1.80448      0.0935484      -0.102549     -0.0736585     -0.0216876      0.0853232
        1.82761       0.091246      -0.105583      -0.069127     -0.0289134      0.0880473
        1.85075      0.0889352      -0.108389      -0.064302     -0.0359547      0.0900079
        1.87388        0.08662      -0.110967     -0.0592066     -0.0427681      0.0911919
        1.89701      0.0843043      -0.113316     -0.0538649     -0.0493123      0.0915927
        1.92015      0.0819916      -0.115435     -0.0483013     -0.0555481       0.091211
        1.94328      0.0796855      -0.117325      -0.042541      -0.061439       0.090054
        1.96642      0.0773894      -0.118988     -0.0366092     -0.0669511      0.0881356
        1.98955      0.0751064      -0.120427     -0.0305315     -0.0720535       0.085476
        2.01269      0.0728396      -0.121642     -0.0243335     -0.0767184      0.0821014
        2.03582      0.0705919       -0.12264     -0.0180409     -0.0809208      0.0780439
        2.05896      0.0683661      -0.123422     -0.0116788     -0.0846393      0.0733409
        2.08209      0.0661647      -0.123994    -0.00527246     -0.0878557      0.0680348
        2.10522      0.0639901       -0.12436     0.00115369     -0.0905552      0.0621725
        2.12836      0.0618446      -0.124527     0.00757558     -0.0927263      0.0558051
        2.15149      0.0597303        -0.1245      0.0139698     -0.0943609      0.0489869
        2.17463      0.0576491      -0.124285      0.0203137     -0.0954544      0.0417757
        2.19776      0.0556028       -0.12389      0.0265856     -0.0960053      0.0342312
         2.2209       0.053593       -0.12332      0.0327644     -0.0960155      0.0264156
        2.24403      0.0516212      -0.122584      0.0388304     -0.0954899       0.018392
        2.26716      0.0496888      -0.121688      0.0447646     -0.0944364      0.0102246
         2.2903      0.0477968      -0.120641      0.0505493      -0.092866     0.00197785
        2.31343      0.0459465       -0.11945      0.0561679     -0.0907923    -0.00628416
        2.33657      0.0441385      -0.118124      0.0616051     -0.0882314     -0.0144981
         2.3597      0.0423739      -0.116669      0.0668466      -0.085202     -0.0226018
        2.38284       0.040653      -0.115095      0.0718797     -0.0817249     -0.0305349
        2.40597      0.0389766      -0.113409      0.0766925     -0.0778231     -0.0382395
         2.4291      0.0373449       -0.11162      0.0812748     -0.0735212     -0.0456598
        2.45224      0.0357583      -0.109735      0.0856175     -0.0688456     -0.0527435
        2.47537      0.0342169      -0.107763      0.0897128     -0.0638241     -0.0594413
        2.49851      0.0327209      -0.105711      0.0935541     -0.0584857     -0.0657078
        2.52164      0.0312701      -0.103588      0.0971362     -0.0528603     -0.0715015
        2.54478      0.0298644      -0.101401       0.100455     -0.0469788     -0.0767848
        2.56791      0.0285037     -0.0991576       0.103507     -0.0408726     -0.0815249
        2.59104      0.0271876     -0.0968649       0.106292     -0.0345732     -0.0856931
        2.61418      0.0259158     -0.0945303       0.108808     -0.0281127     -0.0892656
        2.63731      0.0246877     -0.0921606       0.111056     -0.0215229     -0.0922231
        2.66045       0.023503     -0.0897626       0.113037     -0.0148355      -0.094551
        2.68358       0.022361     -0.0873428       0.114754    -0.00808175     -0.0962395
        2.70672      0.0212611     -0.0849073        0.11621    -0.00129237     -0.0972834
        2.72985      0.0202026     -0.0824621        0.11741     0.00550261      -0.097682
        2.75299      0.0191847     -0.0800129       0.118358      0.0122741      -0.097439
        2.77612      0.0182067     -0.0775651        0.11906      0.0189938     -0.0965626
        2.79925      0.0172678     -0.0751239       0.119524      0.0256349     -0.0950649
        2.82239      0.0163671     -0.0726942       0.119755      0.0321715     -0.0929619
        2.84552      0.0155038     -0.0702804       0.119762      0.0385791     -0.0902733
        2.86866      0.0146769     -0.0678869       0.119552      0.0448348     -0.0870223
        2.89179      0.0138855     -0.0655177       0.119136      0.0509169     -0.0832351
        2.91493      0.0131286     -0.0631766        0.11852      0.0568055      -0.078941
        2.93806      0.0124054     -0.0608669       0.117716      0.0624822     -0.0741716
        2.96119      0.0117147     -0.0585919       0.116732      0.0679303     -0.0689608
        2.98433      0.0110558     -0.0563544       0.115579      0.0731347     -0.0633447
        3.00746      0.0104275     -0.0541571       0.114266      0.0780821     -0.0573608
         3.0306     0.00982887     -0.0520023       0.112803      0.0827606     -0.0510481
        3.05373     0.00925897     -0.0498923       0.111202      0.0871603     -0.0444464
        3.07687     0.00871679     -0.0478288       0.109471      0.0912729     -0.0375965
            3.1     0.00820137     -0.0458135       0.107622      0.0950915     -0.0305394
        3.12313     0.00771173     -0.0438479       0.105664       0.098611     -0.0233163
        3.14627     0.00724692      -0.041933       0.103607       0.101828     -0.0159681
         3.1694     0.00680601     -0.0400699       0.101461        0.10474    -0.00853565
        3.19254     0.00638805     -0.0382595      0.0992353       0.107347    -0.00105872
        3.21567     0.00599213     -0.0365021      0.0969402       0.109648     0.00642364
        3.23881     0.00561736     -0.0347984      0.0945845       0.111648      0.0138736
        3.26194     0.00526286     -0.0331485       0.092177       0.113347      0.0212545
        3.28507     0.00492776     -0.0315525      0.0897264       0.114752      0.0285314
        3.30821     0.00461123     -0.0300103       0.087241       0.115868       0.035671
        3.33134     0.00431243     -0.0285217      0.0847288         0.1167      0.0426418
        3.35448     0.00403058     -0.0270863      0.0821974       0.117257      0.0494142
        3.37761     0.00376489     -0.0257038      0.0796541       0.117547      0.0559608
        3.40075     0.00351461     -0.0243734      0.0771059       0.117578      0.0622563
        3.42388       0.003279     -0.0230946      0.0745593       0.117361      0.0682775
        3.44701     0.00305736     -0.0218666      0.0720204       0.116906      0.0740037
        3.47015     0.00284899     -0.0206884       0.069495       0.116223      0.0794163
        3.49328     0.00265324     -0.0195592      0.0669886       0.115323       0.084499
        3.51642     0.00246946     -0.0184779      0.0645061       0.114219      0.0892381
        3.53955     0.00229704     -0.0174436      0.0620523       0.112921      0.0936218
        3.56269     0.00213538     -0.0164549      0.0596314       0.111442      0.0976409
        3.58582      0.0019839     -0.0155109      0.0572472       0.109795       0.101288
        3.60896     0.00184207     -0.0146103      0.0549034        0.10799       0.104558
        3.63209     0.00170935     -0.0137519      0.0526031        0.10604       0.107449
        3.65522     0.00158524     -0.0129343      0.0503491       0.103957       0.109958
        3.67836     0.00146925     -0.0121564       0.048144       0.101753       0.112088
        3.70149     0.00136093     -0.0114169        0.04599      0.0994402       0.113841
        3.72463     0.00125982     -0.0107143      0.0438889      0.0970293        0.11522
        3.74776     0.00116552     -0.0100476      0.0418423      0.0945318       0.116233
         3.7709     0.00107761     -0.0094152      0.0398515      0.0919586       0.116887
        3.79403    0.000995717    -0.00881599      0.0379175      0.0893202        0.11719
        3.81716    0.000919472    -0.00824862      0.0360411      0.0866267       0.117152
         3.8403    0.000848529    -0.00771182      0.0342228       0.083888       0.116785
        3.86343    0.000782559    -0.00720432      0.0324629      0.0811133         0.1161
        3.88657     0.00072125    -0.00672487      0.0307614      0.0783115       0.115111
         3.9097    0.000664304    -0.00627225      0.0291182       0.075491        0.11383
        3.93284    0.000611442    -0.00584525      0.0275331      0.0726597       0.112272
        3.95597    0.000562396    -0.00544269      0.0260054      0.0698249       0.110452
         3.9791    0.000516916    -0.00506342      0.0245345      0.0669936       0.108384
        4.00224    0.000474762     -0.0047063      0.0231196      0.0641723       0.106084
        4.02537    0.000435712    -0.00437024      0.0217597      0.0613666       0.103566
        4.04851    0.000399551    -0.00405416      0.0204538      0.0585821       0.100848
        4.07164     0.00036608    -0.00375701      0.0192006      0.0558235      0.0979426
        4.09478    0.000335111     -0.0034778      0.0179988      0.0530952      0.0948663
        4.11791    0.000306465    -0.00321552       0.016847      0.0504011      0.0916337
        4.14104    0.000279975    -0.00296924      0.0157437      0.0477445      0.0882595
        4.16418    0.000255482    -0.00273802      0.0146873      0.0451283      0.0847577
        4.18731    0.000232838    -0.00252097      0.0136762      0.0425549      0.0811421
        4.21045    0.000211904    -0.00231723      0.0127087      0.0400262      0.0774258
        4.23358    0.000192546    -0.00212596       0.011783      0.0375436      0.0736216
        4.25672    0.000174642    -0.00194636      0.0108972      0.0351083      0.0697412
        4.27985    0.000158074    -0.00177764      0.0100496      0.0327209      0.0657962
        4.30299    0.000142732    -0.00161904     0.00923809      0.0303814      0.0617969
        4.32612    0.000128513    -0.00146983     0.00846088      0.0280897      0.0577533
        4.34925    0.000115317    -0.00132931     0.00771594      0.0258452      0.0536744
        4.37239    0.000103053    -0.00119678     0.00700124      0.0236468      0.0495683
        4.39552    9.16315e-05    -0.00107158     0.00631475      0.0214932      0.0454425
        4.41866    8.09701e-05   -0.000953047     0.00565437      0.0193826      0.0413036
        4.44179    7.09886e-05   -0.000840559     0.00501799      0.0173129      0.0371572
        4.46493    6.16112e-05    -0.00073349     0.00440345      0.0152816      0.0330081
        4.48806    5.27647e-05    -0.00063123     0.00380857      0.0132858      0.0288602
        4.51119    4.43788e-05   -0.000533178      0.0032311      0.0113225      0.0247166
        4.53433    3.63851e-05   -0.000438739     0.00266877     0.00938804      0.0205794
        4.55746     2.8717e-05   -0.000347324     0.00211923     0.00747855      0.0164497
         4.5806    2.13092e-05   -0.000258339      0.0015801      0.0055898      0.0123281
        4.60373    1.40968e-05   -0.000171193      0.0010489     0.00371718     0.00821371
        4.62687    7.01544e-06   -8.52834e-05    0.000523075      0.0018557     0.00410517
