              0      0.0678092
              0       0.067809
              0      0.0678087
              0      0.0678085
              0      0.0678083
              0      0.0678081
              0      0.0678079
              0      0.0678082
              0       0.067808
              0      0.0678078
              0      0.0678076
              0      0.0678074
              0      0.0678071
              0      0.0678069
              0      0.0678067
              0      0.0678065
              0      0.0678068
              0      0.0678066
              0      0.0678064
              0      0.0678062
              0       0.067806
              0      0.0678058
              0      0.0678055
              0      0.0678053
              0      0.0678056
              0      0.0678054
              0      0.0678052
              0       0.067805
              0      0.0678048
              0      0.0678046
              0      0.0678044
              0      0.0678042
              0      0.0678044
              0      0.0678042
              0       0.067804
              0      0.0678038
              0      0.0678036
              0      0.0678034
              0      0.0678032
              0       0.067803
              0      0.0678032
              0       0.067803
              0      0.0678028
              0      0.0678026
              0      0.0678024
              0      0.0678022
              0       0.067802
              0      0.0678018
              0      0.0678016
              0      0.0678018
              0      0.0678016
              0      0.0678014
              0      0.0678012
              0       0.067801
              0      0.0678008
              0      0.0678006
              0      0.0678004
              0      0.0678007
              0      0.0678005
              0      0.0678002
              0         0.0678
              0      0.0677998
              0      0.0677996
              0      0.0677994
              0      0.0677992
              0      0.0677995
              0      0.0677993
              0      0.0677991
              0      0.0677988
              0      0.0677986
              0      0.0677984
              0      0.0677982
              0       0.067798
              0      0.0677983
              0      0.0677981
              0      0.0677979
              0      0.0677977
              0      0.0677975
              0      0.0677972
              0       0.067797
              0      0.0677968
              0      0.0677971
              0      0.0677969
              0      0.0677967
              0      0.0677965
              0      0.0677963
              0      0.0677961
              0      0.0677958
              0      0.0677956
              0      0.0677954
              0      0.0677957
              0      0.0677955
              0      0.0677953
              0      0.0677951
              0      0.0677949
              0      0.0677947
              0      0.0677944
              0      0.0677942
              0      0.0677945
              0      0.0677943
              0      0.0677941
              0      0.0677939
              0      0.0677937
              0      0.0677935
              0      0.0677933
              0      0.0677931
              0      0.0677933
              0      0.0677931
              0      0.0677929
              0      0.0677927
              0      0.0677925
              0      0.0677923
              0      0.0677921
              0      0.0677919
              0      0.0677921
              0      0.0677919
              0      0.0677917
              0      0.0677915
              0      0.0677913
              0      0.0677911
              0      0.0677909
              0      0.0677907
              0      0.0677909
              0      0.0677907
              0      0.0677905
              0      0.0677903
              0      0.0677901
              0      0.0677899
              0      0.0677897
              0      0.0677895
              0      0.0677898
              0      0.0677895
              0      0.0677893
              0      0.0677891
              0      0.0677889
              0      0.0677887
              0      0.0677885
              0      0.0677883
              0      0.0677886
              0      0.0677884
              0      0.0677881
              0      0.0677879
              0      0.0677877
              0      0.0677875
              0      0.0677873
              0      0.0677871
              0      0.0677874
              0      0.0677872
              0      0.0677869
              0      0.0677867
              0      0.0677865
              0      0.0677863
              0      0.0677861
              0      0.0677859
              0      0.0677857
              0       0.067786
              0      0.0677858
              0      0.0677855
              0      0.0677853
              0      0.0677851
              0      0.0677849
              0      0.0677847
              0      0.0677845
              0      0.0677848
              0      0.0677846
              0      0.0677843
              0      0.0677841
              0      0.0677839
              0      0.0677837
              0      0.0677835
              0      0.0677833
              0      0.0677836
              0      0.0677834
              0      0.0677832
              0      0.0677829
              0      0.0677827
              0      0.0677825
              0      0.0677823
              0      0.0677821
              0      0.0677824
              0      0.0677822
              0       0.067782
              0      0.0677817
              0      0.0677815
              0      0.0677813
              0      0.0677811
              0      0.0677809
              0      0.0677812
              0       0.067781
              0      0.0677808
              0      0.0677805
              0      0.0677803
              0      0.0677801
              0      0.0677799
              0      0.0677797
              0        0.06778
              0      0.0677798
              0      0.0677796
              0      0.0677794
              0      0.0677791
              0      0.0677789
              0      0.0677787
              0      0.0677785
              0      0.0677788
              0      0.0677786
              0      0.0677784
              0      0.0677782
              0      0.0677779
              0      0.0677777
              0      0.0677775
              0      0.0677773
              0      0.0677776
              0      0.0677774
              0      0.0677772
              0       0.067777
              0      0.0677767
              0      0.0677765
              0      0.0677763
              0      0.0677761
              0      0.0677764
              0      0.0677762
              0       0.067776
              0      0.0677758
              0      0.0677755
              0      0.0677753
              0      0.0677751
              0      0.0677749
              0      0.0677752
              0       0.067775
              0      0.0677748
              0      0.0677746
              0      0.0677743
              0      0.0677741
              0      0.0677739
              0      0.0677737
              0       0.067774
              0      0.0677738
              0      0.0677736
              0      0.0677734
              0      0.0677731
              0      0.0677729
              0      0.0677727
              0      0.0677725
              0      0.0677728
              0      0.0677726
              0      0.0677724
              0      0.0677721
              0      0.0677719
              0      0.0677717
              0      0.0677715
              0      0.0677713
              0      0.0677716
              0      0.0677714
              0      0.0677712
              0      0.0677709
              0      0.0677707
              0      0.0677705
              0      0.0677703
              0      0.0677706
              0      0.0677704
              0      0.0677702
              0        0.06777
              0      0.0677697
              0      0.0677695
              0      0.0677693
              0      0.0677691
              0      0.0677694
              0      0.0677692
              0       0.067769
              0      0.0677688
              0      0.0677685
              0      0.0677683
              0      0.0677681
              0      0.0677679
              0      0.0677682
              0       0.067768
              0      0.0677678
              0      0.0677675
              0      0.0677673
              0      0.0677671
              0      0.0677669
              0      0.0677667
              0       0.067767
              0      0.0677668
              0      0.0677666
              0      0.0677663
              0      0.0677661
              0      0.0677659
              0      0.0677657
              0      0.0677655
              0      0.0677658
              0      0.0677656
              0      0.0677653
              0      0.0677651
              0      0.0677649
              0      0.0677647
              0      0.0677645
              0      0.0677643
              0      0.0677646
              0      0.0677644
              0      0.0677641
              0      0.0677639
              0      0.0677637
              0      0.0677635
              0      0.0677633
              0      0.0677631
              0      0.0677634
              0      0.0677631
              0      0.0677629
              0      0.0677627
              0      0.0677625
              0      0.0677623
              0      0.0677621
              0      0.0677619
              0      0.0677622
              0      0.0677619
              0      0.0677617
              0      0.0677615
              0      0.0677613
              0      0.0677611
              0      0.0677609
              0      0.0677607
              0      0.0677609
              0      0.0677607
              0      0.0677605
              0      0.0677603
              0      0.0677601
              0      0.0677599
              0      0.0677597
              0      0.0677595
              0      0.0677597
              0      0.0677595
              0      0.0677593
              0      0.0677591
              0      0.0677589
              0      0.0677587
              0      0.0677585
              0      0.0677587
              0      0.0677585
              0      0.0677583
              0      0.0677581
              0      0.0677579
              0      0.0677577
              0      0.0677575
              0      0.0677573
              0      0.0677575
              0      0.0677573
              0      0.0677571
              0      0.0677569
              0      0.0677567
              0      0.0677565
              0      0.0677563
              0      0.0677561
              0      0.0677563
              0      0.0677561
              0      0.0677559
              0      0.0677557
              0      0.0677555
              0      0.0677553
              0      0.0677551
              0      0.0677549
              0      0.0677551
              0      0.0677549
              0      0.0677547
              0      0.0677545
              0      0.0677543
              0      0.0677541
              0      0.0677539
              0      0.0677536
              0      0.0677539
              0      0.0677537
              0      0.0677535
              0      0.0677533
              0      0.0677531
              0      0.0677529
              0      0.0677527
              0      0.0677524
              0      0.0677527
              0      0.0677525
              0      0.0677523
              0      0.0677521
              0      0.0677519
              0      0.0677517
              0      0.0677514
              0      0.0677512
              0      0.0677515
              0      0.0677513
              0      0.0677511
              0      0.0677509
              0      0.0677507
              0      0.0677504
              0      0.0677502
              0      0.0677505
              0      0.0677503
              0      0.0677501
              0      0.0677499
              0      0.0677497
              0      0.0677494
              0      0.0677492
              0       0.067749
              0      0.0677493
              0      0.0677491
              0      0.0677489
              0      0.0677487
              0      0.0677484
              0      0.0677482
              0       0.067748
              0      0.0677478
              0      0.0677481
              0      0.0677479
              0      0.0677477
              0      0.0677475
              0      0.0677472
              0       0.067747
              0      0.0677468
              0      0.0677466
              0      0.0677469
              0      0.0677467
              0      0.0677465
              0      0.0677462
              0       0.067746
              0      0.0677458
              0      0.0677456
              0      0.0677454
              0      0.0677457
              0      0.0677455
              0      0.0677452
              0       0.067745
              0      0.0677448
              0      0.0677446
              0      0.0677444
              0      0.0677447
              0      0.0677445
              0      0.0677442
              0       0.067744
              0      0.0677438
              0      0.0677436
              0      0.0677434
              0      0.0677432
              0      0.0677435
              0      0.0677432
              0       0.067743
              0      0.0677428
              0      0.0677426
              0      0.0677424
              0      0.0677422
              0       0.067742
              0      0.0677422
              0       0.067742
              0      0.0677418
              0      0.0677416
              0      0.0677414
              0      0.0677412
              0       0.067741
              0      0.0677408
              0       0.067741
              0      0.0677408
              0      0.0677406
              0      0.0677404
              0      0.0677402
              0        0.06774
              0      0.0677398
              0      0.0677395
              0      0.0677398
              0      0.0677396
              0      0.0677394
              0      0.0677392
              0       0.067739
              0      0.0677388
              0      0.0677385
              0      0.0677388
              0      0.0677386
              0      0.0677384
              0      0.0677382
              0       0.067738
              0      0.0677378
              0      0.0677375
              0      0.0677373
              0      0.0677376
              0      0.0677374
              0      0.0677372
              0       0.067737
              0      0.0677368
              0      0.0677365
              0      0.0677363
              0      0.0677361
              0      0.0677364
              0      0.0677362
              0       0.067736
              0      0.0677357
              0      0.0677355
              0      0.0677353
              0      0.0677351
              0      0.0677349
              0      0.0677352
              0       0.067735
              0      0.0677347
              0      0.0677345
              0      0.0677343
              0      0.0677341
              0      0.0677339
              0      0.0677342
              0       0.067734
              0      0.0677337
              0      0.0677335
              0      0.0677333
              0      0.0677331
              0      0.0677329
              0      0.0677327
              0       0.067733
              0      0.0677327
              0      0.0677325
              0      0.0677323
              0      0.0677321
              0      0.0677319
              0      0.0677317
              0      0.0677315
              0      0.0677317
              0      0.0677315
              0      0.0677313
              0      0.0677311
              0      0.0677309
              0      0.0677307
              0      0.0677305
              0      0.0677307
              0      0.0677305
              0      0.0677303
              0      0.0677301
              0      0.0677299
              0      0.0677297
              0      0.0677295
              0      0.0677292
              0      0.0677295
              0      0.0677293
              0      0.0677291
              0      0.0677289
              0      0.0677287
              0      0.0677284
              0      0.0677282
              0       0.067728
              0      0.0677283
              0      0.0677281
              0      0.0677279
              0      0.0677277
              0      0.0677274
              0      0.0677272
              0       0.067727
              0      0.0677273
              0      0.0677271
              0      0.0677269
              0      0.0677266
              0      0.0677264
              0      0.0677262
              0       0.067726
              0      0.0677258
              0      0.0677261
              0      0.0677259
              0      0.0677256
              0      0.0677254
              0      0.0677252
              0       0.067725
              0      0.0677248
              0      0.0677246
              0      0.0677248
              0      0.0677246
              0      0.0677244
              0      0.0677242
              0       0.067724
              0      0.0677238
              0      0.0677236
              0      0.0677238
              0      0.0677236
              0      0.0677234
              0      0.0677232
              0       0.067723
              0      0.0677228
              0      0.0677226
              0      0.0677223
              0      0.0677226
              0      0.0677224
              0      0.0677222
              0       0.067722
              0      0.0677218
              0      0.0677216
              0      0.0677213
              0      0.0677211
              0      0.0677214
              0      0.0677212
              0       0.067721
              0      0.0677208
              0      0.0677205
              0      0.0677203
              0      0.0677201
              0      0.0677204
              0      0.0677202
              0        0.06772
              0      0.0677197
              0      0.0677195
              0      0.0677193
              0      0.0677191
              0      0.0677189
              0      0.0677192
              0       0.067719
              0      0.0677187
              0      0.0677185
              0      0.0677183
              0      0.0677181
              0      0.0677179
              0      0.0677177
              0      0.0677179
              0      0.0677177
              0      0.0677175
              0      0.0677173
              0      0.0677171
              0      0.0677169
              0      0.0677167
              0      0.0677169
              0      0.0677167
              0      0.0677165
              0      0.0677163
              0      0.0677161
              0      0.0677159
              0      0.0677156
              0      0.0677154
              0      0.0677157
              0      0.0677155
              0      0.0677153
              0      0.0677151
              0      0.0677149
              0      0.0677146
              0      0.0677144
              0      0.0677147
              0      0.0677145
              0      0.0677143
              0      0.0677141
              0      0.0677138
              0      0.0677136
              0      0.0677134
              0      0.0677132
              0      0.0677135
              0      0.0677133
              0       0.067713
              0      0.0677128
              0      0.0677126
              0      0.0677124
              0      0.0677122
              0       0.067712
              0      0.0677122
              0       0.067712
              0      0.0677118
              0      0.0677116
              0      0.0677114
              0      0.0677112
              0       0.067711
              0      0.0677112
              0       0.067711
              0      0.0677108
              0      0.0677106
              0      0.0677104
              0      0.0677102
              0      0.0677099
              0      0.0677097
              0        0.06771
              0      0.0677098
              0      0.0677096
              0      0.0677094
              0      0.0677091
              0      0.0677089
              0      0.0677087
              0       0.067709
              0      0.0677088
              0      0.0677086
              0      0.0677083
              0      0.0677081
              0      0.0677079
              0      0.0677077
              0      0.0677075
              0      0.0677078
              0      0.0677075
              0      0.0677073
              0      0.0677071
              0      0.0677069
              0      0.0677067
              0      0.0677065
              0      0.0677067
              0      0.0677065
              0      0.0677063
              0      0.0677061
              0      0.0677059
              0      0.0677057
              0      0.0677055
              0      0.0677052
              0      0.0677055
              0      0.0677053
              0      0.0677051
              0      0.0677049
              0      0.0677047
              0      0.0677044
              0      0.0677042
              0      0.0677045
              0      0.0677043
              0      0.0677041
              0      0.0677039
              0      0.0677036
              0      0.0677034
              0      0.0677032
              0       0.067703
              0      0.0677033
              0      0.0677031
              0      0.0677028
              0      0.0677026
              0      0.0677024
              0      0.0677022
              0       0.067702
              0      0.0677023
              0       0.067702
              0      0.0677018
              0      0.0677016
              0      0.0677014
              0      0.0677012
              0       0.067701
              0      0.0677008
              0       0.067701
              0      0.0677008
              0      0.0677006
              0      0.0677004
              0      0.0677002
              0      0.0676999
              0      0.0676997
              0         0.0677
              0      0.0676998
              0      0.0676996
              0      0.0676994
              0      0.0676991
              0      0.0676989
              0      0.0676987
              0      0.0676985
              0      0.0676988
              0      0.0676986
              0      0.0676983
              0      0.0676981
              0      0.0676979
              0      0.0676977
              0      0.0676975
              0      0.0676978
              0      0.0676975
              0      0.0676973
              0      0.0676971
              0      0.0676969
              0      0.0676967
              0      0.0676965
              0      0.0676962
              0      0.0676965
              0      0.0676963
              0      0.0676961
              0      0.0676959
              0      0.0676957
              0      0.0676954
              0      0.0676952
              0      0.0676955
              0      0.0676953
              0      0.0676951
              0      0.0676949
              0      0.0676946
              0      0.0676944
              0      0.0676942
              0       0.067694
              0      0.0676943
              0       0.067694
              0      0.0676938
              0      0.0676936
              0      0.0676934
              0      0.0676932
              0       0.067693
              0      0.0676932
              0       0.067693
              0      0.0676928
              0      0.0676926
              0      0.0676924
              0      0.0676922
              0       0.067692
              0      0.0676922
              0       0.067692
              0      0.0676918
              0      0.0676916
              0      0.0676914
              0      0.0676911
              0      0.0676909
              0      0.0676907
              0       0.067691
              0      0.0676908
              0      0.0676906
              0      0.0676903
              0      0.0676901
              0      0.0676899
              0      0.0676897
              0        0.06769
              0      0.0676897
              0      0.0676895
              0      0.0676893
              0      0.0676891
              0      0.0676889
              0      0.0676887
              0      0.0676885
              0      0.0676887
              0      0.0676885
              0      0.0676883
              0      0.0676881
              0      0.0676879
              0      0.0676877
              0      0.0676874
              0      0.0676877
              0      0.0676875
              0      0.0676873
              0      0.0676871
              0      0.0676868
              0      0.0676866
              0      0.0676864
              0      0.0676867
              0      0.0676865
              0      0.0676863
              0       0.067686
              0      0.0676858
              0      0.0676856
              0      0.0676854
              0      0.0676852
              0      0.0676854
              0      0.0676852
              0       0.067685
              0      0.0676848
              0      0.0676846
              0      0.0676844
              0      0.0676841
              0      0.0676844
              0      0.0676842
              0       0.067684
              0      0.0676838
              0      0.0676836
              0      0.0676833
              0      0.0676831
              0      0.0676829
              0      0.0676832
              0       0.067683
              0      0.0676827
              0      0.0676825
              0      0.0676823
              0      0.0676821
              0      0.0676819
              0      0.0676822
              0      0.0676819
              0      0.0676817
              0      0.0676815
              0      0.0676813
              0      0.0676811
              0      0.0676809
              0      0.0676811
              0      0.0676809
              0      0.0676807
              0      0.0676805
              0      0.0676803
              0        0.06768
              0      0.0676798
              0      0.0676796
              0      0.0676799
              0      0.0676797
              0      0.0676795
              0      0.0676792
              0       0.067679
              0      0.0676788
              0      0.0676786
              0      0.0676789
              0      0.0676786
              0      0.0676784
              0      0.0676782
              0       0.067678
              0      0.0676778
              0      0.0676776
              0      0.0676778
              0      0.0676776
              0      0.0676774
              0      0.0676772
              0       0.067677
              0      0.0676768
              0      0.0676765
              0      0.0676763
              0      0.0676766
              0      0.0676764
              0      0.0676762
              0      0.0676759
              0      0.0676757
              0      0.0676755
              0      0.0676753
              0      0.0676756
              0      0.0676753
              0      0.0676751
              0      0.0676749
              0      0.0676747
              0      0.0676745
              0      0.0676743
              0      0.0676745
              0      0.0676743
              0      0.0676741
              0      0.0676739
              0      0.0676737
              0      0.0676735
              0      0.0676732
              0       0.067673
              0      0.0676733
              0      0.0676731
              0      0.0676729
              0      0.0676726
              0      0.0676724
              0      0.0676722
              0       0.067672
              0      0.0676723
              0       0.067672
              0      0.0676718
              0      0.0676716
              0      0.0676714
              0      0.0676712
              0       0.067671
              0      0.0676712
              0       0.067671
              0      0.0676708
              0      0.0676706
              0      0.0676704
              0      0.0676702
              0      0.0676699
              0      0.0676697
              0        0.06767
              0      0.0676698
              0      0.0676696
              0      0.0676693
              0      0.0676691
              0      0.0676689
              0      0.0676687
              0       0.067669
              0      0.0676687
              0      0.0676685
              0      0.0676683
              0      0.0676681
              0      0.0676679
              0      0.0676677
              0      0.0676679
              0      0.0676677
              0      0.0676675
              0      0.0676673
              0      0.0676671
              0      0.0676668
              0      0.0676666
              0      0.0676669
              0      0.0676667
              0      0.0676665
              0      0.0676663
              0       0.067666
              0      0.0676658
              0      0.0676656
              0      0.0676654
              0      0.0676657
              0      0.0676654
              0      0.0676652
              0       0.067665
              0      0.0676648
              0      0.0676646
              0      0.0676644
              0      0.0676646
              0      0.0676644
              0      0.0676642
              0       0.067664
              0      0.0676638
              0      0.0676635
              0      0.0676633
              0      0.0676636
              0      0.0676634
              0      0.0676632
              0      0.0676629
              0      0.0676627
              0      0.0676625
              0      0.0676623
              0      0.0676621
              0      0.0676623
              0      0.0676621
              0      0.0676619
              0      0.0676617
              0      0.0676615
              0      0.0676613
              0       0.067661
              0      0.0676613
              0      0.0676611
              0      0.0676609
              0      0.0676607
              0      0.0676604
              0      0.0676602
              0        0.06766
              0      0.0676603
              0      0.0676601
              0      0.0676598
              0      0.0676596
              0      0.0676594
              0      0.0676592
              0       0.067659
              0      0.0676592
              0       0.067659
              0      0.0676588
              0      0.0676586
              0      0.0676584
              0      0.0676582
              0      0.0676579
              0      0.0676577
              0       0.067658
              0      0.0676578
              0      0.0676576
              0      0.0676574
              0      0.0676571
              0      0.0676569
              0      0.0676567
              0       0.067657
              0      0.0676568
              0      0.0676565
              0      0.0676563
              0      0.0676561
              0      0.0676559
              0      0.0676557
              0      0.0676559
              0      0.0676557
              0      0.0676555
              0      0.0676553
              0      0.0676551
              0      0.0676549
              0      0.0676546
              0      0.0676549
              0      0.0676547
              0      0.0676545
              0      0.0676543
              0       0.067654
              0      0.0676538
              0      0.0676536
              0      0.0676537
              0      0.0676534
              0      0.0676532
              0       0.067653
              0      0.0676528
              0      0.0676526
              0      0.0676524
              0      0.0676526
              0      0.0676524
              0      0.0676522
              0       0.067652
              0      0.0676518
              0      0.0676515
              0      0.0676513
              0      0.0676516
              0      0.0676514
              0      0.0676512
              0      0.0676509
              0      0.0676507
              0      0.0676505
              0      0.0676503
              0      0.0676506
              0      0.0676503
              0      0.0676501
              0      0.0676499
              0      0.0676497
              0      0.0676495
              0      0.0676493
              0      0.0676495
              0      0.0676493
              0      0.0676491
              0      0.0676489
              0      0.0676486
              0      0.0676484
              0      0.0676482
              0       0.067648
              0      0.0676483
              0       0.067648
              0      0.0676478
              0      0.0676476
              0      0.0676474
              0      0.0676472
              0       0.067647
              0      0.0676472
              0       0.067647
              0      0.0676468
              0      0.0676466
              0      0.0676464
              0      0.0676461
              0      0.0676459
              0      0.0676462
              0       0.067646
              0      0.0676458
              0      0.0676455
              0      0.0676453
              0      0.0676451
              0      0.0676449
              0      0.0676452
              0      0.0676449
              0      0.0676447
              0      0.0676445
              0      0.0676443
              0      0.0676441
              0      0.0676439
              0      0.0676441
              0      0.0676439
              0      0.0676437
              0      0.0676435
              0      0.0676433
              0       0.067643
              0      0.0676428
              0      0.0676426
              0      0.0676429
              0      0.0676427
              0      0.0676424
              0      0.0676422
              0       0.067642
              0      0.0676418
              0      0.0676416
              0      0.0676418
              0      0.0676416
              0      0.0676414
              0      0.0676412
              0       0.067641
              0      0.0676408
              0      0.0676405
              0      0.0676408
              0      0.0676406
              0      0.0676404
              0      0.0676402
              0      0.0676399
              0      0.0676397
              0      0.0676395
              0      0.0676398
              0      0.0676396
              0      0.0676393
              0      0.0676391
              0      0.0676389
              0      0.0676387
              0      0.0676385
              0      0.0676383
              0      0.0676385
              0      0.0676383
              0      0.0676381
              0      0.0676379
              0      0.0676377
              0      0.0676374
              0      0.0676372
              0      0.0676375
              0      0.0676373
              0      0.0676371
              0      0.0676368
              0      0.0676366
              0      0.0676364
              0      0.0676362
              0      0.0676365
              0      0.0676362
              0       0.067636
              0      0.0676358
              0      0.0676356
              0      0.0676354
              0      0.0676351
              0      0.0676354
              0      0.0676352
              0       0.067635
              0      0.0676348
              0      0.0676345
              0      0.0676343
              0      0.0676341
              0      0.0676344
              0      0.0676342
              0      0.0676339
              0      0.0676337
              0      0.0676335
              0      0.0676333
              0      0.0676331
              0      0.0676329
              0      0.0676331
              0      0.0676329
              0      0.0676327
              0      0.0676325
              0      0.0676323
              0       0.067632
              0      0.0676318
              0      0.0676321
              0      0.0676319
              0      0.0676317
              0      0.0676314
              0      0.0676312
              0       0.067631
              0      0.0676308
              0      0.0676311
              0      0.0676308
              0      0.0676306
              0      0.0676304
              0      0.0676302
              0        0.06763
              0      0.0676298
              0        0.06763
              0      0.0676298
              0      0.0676296
              0      0.0676294
              0      0.0676292
              0      0.0676289
              0      0.0676287
              0       0.067629
              0      0.0676288
              0      0.0676286
              0      0.0676283
              0      0.0676281
              0      0.0676279
              0      0.0676277
              0      0.0676275
              0      0.0676277
              0      0.0676275
              0      0.0676273
              0      0.0676271
              0      0.0676269
              0      0.0676267
              0      0.0676264
              0      0.0676267
              0      0.0676265
              0      0.0676263
              0      0.0676261
              0      0.0676258
              0      0.0676256
              0      0.0676254
              0      0.0676257
              0      0.0676255
              0      0.0676252
              0       0.067625
              0      0.0676248
              0      0.0676246
              0      0.0676244
              0      0.0676246
              0      0.0676244
              0      0.0676242
              0       0.067624
              0      0.0676238
              0      0.0676236
              0      0.0676233
              0      0.0676231
              0      0.0676234
              0      0.0676232
              0       0.067623
              0      0.0676227
              0      0.0676225
              0      0.0676223
              0      0.0676221
              0      0.0676224
              0      0.0676221
              0      0.0676219
              0      0.0676217
              0      0.0676215
              0      0.0676213
              0      0.0676211
              0      0.0676213
              0      0.0676211
              0      0.0676209
              0      0.0676207
              0      0.0676205
              0      0.0676202
              0        0.06762
              0      0.0676203
              0      0.0676201
              0      0.0676199
              0      0.0676196
              0      0.0676194
              0      0.0676192
              0       0.067619
              0      0.0676188
              0       0.067619
              0      0.0676188
              0      0.0676186
              0      0.0676184
              0      0.0676182
              0       0.067618
              0      0.0676177
              0       0.067618
              0      0.0676178
              0      0.0676176
              0      0.0676174
              0      0.0676171
              0      0.0676169
              0      0.0676167
              0       0.067617
              0      0.0676168
              0      0.0676165
              0      0.0676163
              0      0.0676161
              0      0.0676159
              0      0.0676157
              0      0.0676159
              0      0.0676157
              0      0.0676155
              0      0.0676153
              0      0.0676151
              0      0.0676149
              0      0.0676146
              0      0.0676149
              0      0.0676147
              0      0.0676145
              0      0.0676143
              0       0.067614
              0      0.0676138
              0      0.0676136
              0      0.0676134
              0      0.0676137
              0      0.0676134
              0      0.0676132
              0       0.067613
              0      0.0676128
              0      0.0676126
              0      0.0676124
              0      0.0676126
              0      0.0676124
              0      0.0676122
              0       0.067612
              0      0.0676118
              0      0.0676115
              0      0.0676113
              0      0.0676116
              0      0.0676114
              0      0.0676112
              0      0.0676109
              0      0.0676107
              0      0.0676105
              0      0.0676103
              0      0.0676106
              0      0.0676103
              0      0.0676101
              0      0.0676099
              0      0.0676097
              0      0.0676095
              0      0.0676093
              0       0.067609
              0      0.0676093
              0      0.0676091
              0      0.0676089
              0      0.0676087
              0      0.0676084
              0      0.0676082
              0       0.067608
              0      0.0676083
              0      0.0676081
              0      0.0676078
              0      0.0676076
              0      0.0676074
              0      0.0676072
              0       0.067607
              0      0.0676072
              0       0.067607
              0      0.0676068
              0      0.0676066
              0      0.0676064
              0      0.0676062
              0      0.0676059
              0      0.0676062
              0       0.067606
              0      0.0676058
              0      0.0676056
              0      0.0676053
              0      0.0676051
              0      0.0676049
              0      0.0676047
              0       0.067605
              0      0.0676047
              0      0.0676045
              0      0.0676043
              0      0.0676041
              0      0.0676039
              0      0.0676037
              0      0.0676039
              0      0.0676037
              0      0.0676035
              0      0.0676033
              0      0.0676031
              0      0.0676029
              0      0.0676026
              0      0.0676029
              0      0.0676027
              0      0.0676025
              0      0.0676023
              0       0.067602
              0      0.0676018
              0      0.0676016
              0      0.0676019
              0      0.0676017
              0      0.0676014
              0      0.0676012
              0       0.067601
              0      0.0676008
              0      0.0676006
              0      0.0676004
              0      0.0676006
              0      0.0676004
              0      0.0676002
              0         0.0676
              0      0.0675998
              0      0.0675995
              0      0.0675993
              0      0.0675996
              0      0.0675994
              0      0.0675992
              0      0.0675989
              0      0.0675987
              0      0.0675985
              0      0.0675983
              0      0.0675986
              0      0.0675983
              0      0.0675981
              0      0.0675979
              0      0.0675977
              0      0.0675975
              0      0.0675973
              0      0.0675975
              0      0.0675973
              0      0.0675971
              0      0.0675969
              0      0.0675967
              0      0.0675964
              0      0.0675962
              0       0.067596
              0      0.0675963
              0      0.0675961
              0      0.0675958
              0      0.0675956
              0      0.0675954
              0      0.0675952
              0       0.067595
              0      0.0675952
              0       0.067595
              0      0.0675948
              0      0.0675946
              0      0.0675944
              0      0.0675942
              0      0.0675939
              0      0.0675942
              0       0.067594
              0      0.0675938
              0      0.0675936
              0      0.0675933
              0      0.0675931
              0      0.0675929
              0      0.0675932
              0       0.067593
              0      0.0675927
              0      0.0675925
              0      0.0675923
              0      0.0675921
              0      0.0675919
              0      0.0675917
              0      0.0675919
              0      0.0675917
              0      0.0675915
              0      0.0675913
              0      0.0675911
              0      0.0675908
              0      0.0675906
              0      0.0675909
              0      0.0675907
              0      0.0675905
              0      0.0675902
              0        0.06759
              0      0.0675898
              0      0.0675896
              0      0.0675899
              0      0.0675896
              0      0.0675894
              0      0.0675892
              0       0.067589
              0      0.0675888
              0      0.0675886
              0      0.0675888
              0      0.0675886
              0      0.0675884
              0      0.0675882
              0       0.067588
              0      0.0675877
              0      0.0675875
              0      0.0675873
              0      0.0675876
              0      0.0675874
              0      0.0675871
              0      0.0675869
              0      0.0675867
              0      0.0675865
              0      0.0675863
              0      0.0675865
              0      0.0675863
              0      0.0675861
              0      0.0675859
              0      0.0675857
              0      0.0675855
              0      0.0675853
              0      0.0675855
              0      0.0675853
              0      0.0675851
              0      0.0675849
              0      0.0675847
              0      0.0675844
              0      0.0675842
              0      0.0675845
              0      0.0675843
              0      0.0675841
              0      0.0675838
              0      0.0675836
              0      0.0675834
              0      0.0675832
              0       0.067583
              0      0.0675832
              0       0.067583
              0      0.0675828
              0      0.0675826
              0      0.0675824
              0      0.0675822
              0      0.0675819
              0      0.0675822
              0       0.067582
              0      0.0675818
              0      0.0675816
              0      0.0675813
              0      0.0675811
              0      0.0675809
              0      0.0675812
              0       0.067581
              0      0.0675807
              0      0.0675805
              0      0.0675803
              0      0.0675801
              0      0.0675799
              0      0.0675797
              0      0.0675799
              0      0.0675797
              0      0.0675795
              0      0.0675793
              0      0.0675791
              0      0.0675789
              0      0.0675786
              0      0.0675789
              0      0.0675787
              0      0.0675785
              0      0.0675783
              0       0.067578
              0      0.0675778
              0      0.0675776
              0      0.0675779
              0      0.0675777
              0      0.0675774
              0      0.0675772
              0       0.067577
              0      0.0675768
              0      0.0675766
              0      0.0675764
              0      0.0675766
              0      0.0675764
              0      0.0675762
              0       0.067576
              0      0.0675758
              0      0.0675756
              0      0.0675753
              0      0.0675756
              0      0.0675754
              0      0.0675752
              0       0.067575
              0      0.0675747
              0      0.0675745
              0      0.0675743
              0      0.0675746
              0      0.0675744
              0      0.0675742
              0      0.0675739
              0      0.0675737
              0      0.0675735
              0      0.0675733
              0      0.0675731
              0      0.0675733
              0      0.0675731
              0      0.0675729
              0      0.0675727
              0      0.0675725
              0      0.0675723
              0       0.067572
              0      0.0675723
              0      0.0675721
              0      0.0675719
              0      0.0675717
              0      0.0675715
              0      0.0675712
              0       0.067571
              0      0.0675713
              0      0.0675711
              0      0.0675709
              0      0.0675707
              0      0.0675704
              0      0.0675702
              0        0.06757
              0      0.0675698
              0      0.0675701
              0      0.0675698
              0      0.0675696
              0      0.0675694
              0      0.0675692
              0       0.067569
              0      0.0675688
              0       0.067569
              0      0.0675688
              0      0.0675686
              0      0.0675684
              0      0.0675682
              0       0.067568
              0      0.0675678
              0      0.0675675
              0      0.0675678
              0      0.0675676
              0      0.0675674
              0      0.0675672
              0      0.0675669
              0      0.0675667
              0      0.0675665
              0      0.0675668
              0      0.0675666
              0      0.0675664
              0      0.0675661
              0      0.0675659
              0      0.0675657
              0      0.0675655
              0      0.0675653
              0      0.0675656
              0      0.0675653
              0      0.0675651
              0      0.0675649
              0      0.0675647
              0      0.0675645
              0      0.0675643
              0      0.0675645
              0      0.0675643
              0      0.0675641
              0      0.0675639
              0      0.0675637
              0      0.0675635
              0      0.0675633
              0       0.067563
              0      0.0675633
              0      0.0675631
              0      0.0675629
              0      0.0675627
              0      0.0675625
              0      0.0675622
              0       0.067562
              0      0.0675623
              0      0.0675621
              0      0.0675619
              0      0.0675617
              0      0.0675615
              0      0.0675612
              0       0.067561
              0      0.0675608
              0      0.0675611
              0      0.0675609
              0      0.0675607
              0      0.0675604
              0      0.0675602
              0        0.06756
