              0      0.0182272
              0      0.0182272
              0      0.0182272
              0      0.0182272
              0      0.0182273
              0      0.0182273
              0      0.0182273
              0      0.0182273
              0      0.0182273
              0      0.0182273
              0      0.0182273
              0      0.0182274
              0      0.0182274
              0      0.0182274
              0      0.0182274
              0      0.0182275
              0      0.0182274
              0      0.0182275
              0      0.0182275
              0      0.0182275
              0      0.0182275
              0      0.0182275
              0      0.0182276
              0      0.0182276
              0      0.0182276
              0      0.0182276
              0      0.0182276
              0      0.0182276
              0      0.0182277
              0      0.0182277
              0      0.0182277
              0      0.0182277
              0      0.0182277
              0      0.0182277
              0      0.0182277
              0      0.0182278
              0      0.0182278
              0      0.0182278
              0      0.0182278
              0      0.0182279
              0      0.0182278
              0      0.0182278
              0      0.0182279
              0      0.0182279
              0      0.0182279
              0      0.0182279
              0       0.018228
              0       0.018228
              0       0.018228
              0       0.018228
              0       0.018228
              0       0.018228
              0       0.018228
              0      0.0182281
              0      0.0182281
              0      0.0182281
              0      0.0182281
              0      0.0182281
              0      0.0182281
              0      0.0182282
              0      0.0182282
              0      0.0182282
              0      0.0182282
              0      0.0182282
              0      0.0182283
              0      0.0182282
              0      0.0182283
              0      0.0182283
              0      0.0182283
              0      0.0182283
              0      0.0182284
              0      0.0182284
              0      0.0182284
              0      0.0182284
              0      0.0182284
              0      0.0182284
              0      0.0182284
              0      0.0182285
              0      0.0182285
              0      0.0182285
              0      0.0182285
              0      0.0182285
              0      0.0182285
              0      0.0182285
              0      0.0182286
              0      0.0182286
              0      0.0182286
              0      0.0182286
              0      0.0182287
              0      0.0182287
              0      0.0182287
              0      0.0182287
              0      0.0182287
              0      0.0182287
              0      0.0182287
              0      0.0182288
              0      0.0182288
              0      0.0182288
              0      0.0182288
              0      0.0182288
              0      0.0182288
              0      0.0182289
              0      0.0182289
              0      0.0182289
              0      0.0182289
              0      0.0182289
              0      0.0182289
              0      0.0182289
              0       0.018229
              0       0.018229
              0       0.018229
              0       0.018229
              0       0.018229
              0      0.0182291
              0       0.018229
              0      0.0182291
              0      0.0182291
              0      0.0182291
              0      0.0182291
              0      0.0182292
              0      0.0182292
              0      0.0182292
              0      0.0182292
              0      0.0182292
              0      0.0182292
              0      0.0182292
              0      0.0182293
              0      0.0182293
              0      0.0182293
              0      0.0182293
              0      0.0182293
              0      0.0182293
              0      0.0182293
              0      0.0182294
              0      0.0182294
              0      0.0182294
              0      0.0182294
              0      0.0182295
              0      0.0182294
              0      0.0182295
              0      0.0182295
              0      0.0182295
              0      0.0182295
              0      0.0182295
              0      0.0182296
              0      0.0182296
              0      0.0182296
              0      0.0182296
              0      0.0182296
              0      0.0182296
              0      0.0182297
              0      0.0182297
              0      0.0182297
              0      0.0182297
              0      0.0182297
              0      0.0182297
              0      0.0182297
              0      0.0182298
              0      0.0182298
              0      0.0182298
              0      0.0182298
              0      0.0182299
              0      0.0182299
              0      0.0182299
              0      0.0182299
              0      0.0182299
              0      0.0182299
              0      0.0182299
              0        0.01823
              0        0.01823
              0        0.01823
              0        0.01823
              0        0.01823
              0        0.01823
              0      0.0182301
              0      0.0182301
              0      0.0182301
              0      0.0182301
              0      0.0182301
              0      0.0182301
              0      0.0182301
              0      0.0182302
              0      0.0182302
              0      0.0182302
              0      0.0182302
              0      0.0182303
              0      0.0182303
              0      0.0182302
              0      0.0182303
              0      0.0182303
              0      0.0182303
              0      0.0182303
              0      0.0182304
              0      0.0182304
              0      0.0182304
              0      0.0182304
              0      0.0182304
              0      0.0182304
              0      0.0182304
              0      0.0182305
              0      0.0182305
              0      0.0182305
              0      0.0182305
              0      0.0182305
              0      0.0182305
              0      0.0182306
              0      0.0182306
              0      0.0182306
              0      0.0182306
              0      0.0182306
              0      0.0182307
              0      0.0182306
              0      0.0182307
              0      0.0182307
              0      0.0182307
              0      0.0182307
              0      0.0182308
              0      0.0182308
              0      0.0182308
              0      0.0182308
              0      0.0182308
              0      0.0182308
              0      0.0182308
              0      0.0182309
              0      0.0182309
              0      0.0182309
              0      0.0182309
              0      0.0182309
              0      0.0182309
              0      0.0182309
              0       0.018231
              0       0.018231
              0       0.018231
              0       0.018231
              0      0.0182311
              0       0.018231
              0      0.0182311
              0      0.0182311
              0      0.0182311
              0      0.0182311
              0      0.0182311
              0      0.0182312
              0      0.0182312
              0      0.0182312
              0      0.0182312
              0      0.0182312
              0      0.0182312
              0      0.0182313
              0      0.0182313
              0      0.0182313
              0      0.0182313
              0      0.0182313
              0      0.0182313
              0      0.0182313
              0      0.0182314
              0      0.0182314
              0      0.0182314
              0      0.0182314
              0      0.0182314
              0      0.0182314
              0      0.0182315
              0      0.0182315
              0      0.0182315
              0      0.0182315
              0      0.0182315
              0      0.0182316
              0      0.0182315
              0      0.0182316
              0      0.0182316
              0      0.0182316
              0      0.0182316
              0      0.0182317
              0      0.0182317
              0      0.0182317
              0      0.0182317
              0      0.0182317
              0      0.0182317
              0      0.0182317
              0      0.0182318
              0      0.0182318
              0      0.0182318
              0      0.0182318
              0      0.0182318
              0      0.0182318
              0      0.0182318
              0      0.0182319
              0      0.0182319
              0      0.0182319
              0      0.0182319
              0       0.018232
              0      0.0182319
              0       0.018232
              0       0.018232
              0       0.018232
              0       0.018232
              0      0.0182321
              0      0.0182321
              0      0.0182321
              0      0.0182321
              0      0.0182321
              0      0.0182321
              0      0.0182321
              0      0.0182322
              0      0.0182322
              0      0.0182322
              0      0.0182322
              0      0.0182322
              0      0.0182322
              0      0.0182322
              0      0.0182323
              0      0.0182323
              0      0.0182323
              0      0.0182323
              0      0.0182324
              0      0.0182323
              0      0.0182324
              0      0.0182324
              0      0.0182324
              0      0.0182324
              0      0.0182324
              0      0.0182325
              0      0.0182325
              0      0.0182325
              0      0.0182325
              0      0.0182325
              0      0.0182325
              0      0.0182326
              0      0.0182326
              0      0.0182326
              0      0.0182326
              0      0.0182326
              0      0.0182326
              0      0.0182326
              0      0.0182327
              0      0.0182327
              0      0.0182327
              0      0.0182327
              0      0.0182327
              0      0.0182327
              0      0.0182328
              0      0.0182328
              0      0.0182328
              0      0.0182328
              0      0.0182328
              0      0.0182329
              0      0.0182328
              0      0.0182329
              0      0.0182329
              0      0.0182329
              0      0.0182329
              0       0.018233
              0       0.018233
              0       0.018233
              0       0.018233
              0       0.018233
              0       0.018233
              0       0.018233
              0      0.0182331
              0      0.0182331
              0      0.0182331
              0      0.0182331
              0      0.0182331
              0      0.0182331
              0      0.0182331
              0      0.0182332
              0      0.0182332
              0      0.0182332
              0      0.0182332
              0      0.0182333
              0      0.0182332
              0      0.0182333
              0      0.0182333
              0      0.0182333
              0      0.0182333
              0      0.0182334
              0      0.0182334
              0      0.0182334
              0      0.0182334
              0      0.0182334
              0      0.0182334
              0      0.0182334
              0      0.0182335
              0      0.0182335
              0      0.0182335
              0      0.0182335
              0      0.0182335
              0      0.0182335
              0      0.0182335
              0      0.0182336
              0      0.0182336
              0      0.0182336
              0      0.0182336
              0      0.0182336
              0      0.0182336
              0      0.0182337
              0      0.0182337
              0      0.0182337
              0      0.0182337
              0      0.0182337
              0      0.0182338
              0      0.0182337
              0      0.0182338
              0      0.0182338
              0      0.0182338
              0      0.0182338
              0      0.0182339
              0      0.0182339
              0      0.0182339
              0      0.0182339
              0      0.0182339
              0      0.0182339
              0      0.0182339
              0       0.018234
              0       0.018234
              0       0.018234
              0       0.018234
              0       0.018234
              0       0.018234
              0      0.0182341
              0      0.0182341
              0      0.0182341
              0      0.0182341
              0      0.0182341
              0      0.0182342
              0      0.0182341
              0      0.0182342
              0      0.0182342
              0      0.0182342
              0      0.0182342
              0      0.0182343
              0      0.0182343
              0      0.0182343
              0      0.0182343
              0      0.0182343
              0      0.0182343
              0      0.0182343
              0      0.0182344
              0      0.0182344
              0      0.0182344
              0      0.0182344
              0      0.0182344
              0      0.0182344
              0      0.0182345
              0      0.0182345
              0      0.0182345
              0      0.0182345
              0      0.0182345
              0      0.0182345
              0      0.0182345
              0      0.0182346
              0      0.0182346
              0      0.0182346
              0      0.0182346
              0      0.0182347
              0      0.0182347
              0      0.0182347
              0      0.0182347
              0      0.0182347
              0      0.0182347
              0      0.0182347
              0      0.0182348
              0      0.0182348
              0      0.0182348
              0      0.0182348
              0      0.0182348
              0      0.0182348
              0      0.0182349
              0      0.0182349
              0      0.0182349
              0      0.0182349
              0      0.0182349
              0      0.0182349
              0      0.0182349
              0       0.018235
              0       0.018235
              0       0.018235
              0       0.018235
              0      0.0182351
              0       0.018235
              0       0.018235
              0      0.0182351
              0      0.0182351
              0      0.0182351
              0      0.0182351
              0      0.0182352
              0      0.0182352
              0      0.0182352
              0      0.0182352
              0      0.0182352
              0      0.0182352
              0      0.0182353
              0      0.0182353
              0      0.0182353
              0      0.0182353
              0      0.0182353
              0      0.0182353
              0      0.0182353
              0      0.0182354
              0      0.0182354
              0      0.0182354
              0      0.0182354
              0      0.0182354
              0      0.0182354
              0      0.0182354
              0      0.0182355
              0      0.0182355
              0      0.0182355
              0      0.0182355
              0      0.0182356
              0      0.0182355
              0      0.0182356
              0      0.0182356
              0      0.0182356
              0      0.0182356
              0      0.0182357
              0      0.0182357
              0      0.0182357
              0      0.0182357
              0      0.0182357
              0      0.0182357
              0      0.0182357
              0      0.0182358
              0      0.0182358
              0      0.0182358
              0      0.0182358
              0      0.0182358
              0      0.0182358
              0      0.0182359
              0      0.0182359
              0      0.0182359
              0      0.0182359
              0      0.0182359
              0      0.0182359
              0      0.0182359
              0       0.018236
              0       0.018236
              0       0.018236
              0       0.018236
              0      0.0182361
              0      0.0182361
              0       0.018236
              0      0.0182361
              0      0.0182361
              0      0.0182361
              0      0.0182361
              0      0.0182362
              0      0.0182362
              0      0.0182362
              0      0.0182362
              0      0.0182362
              0      0.0182362
              0      0.0182363
              0      0.0182363
              0      0.0182363
              0      0.0182363
              0      0.0182363
              0      0.0182363
              0      0.0182363
              0      0.0182364
              0      0.0182364
              0      0.0182364
              0      0.0182364
              0      0.0182365
              0      0.0182364
              0      0.0182364
              0      0.0182365
              0      0.0182365
              0      0.0182365
              0      0.0182365
              0      0.0182366
              0      0.0182365
              0      0.0182366
              0      0.0182366
              0      0.0182366
              0      0.0182366
              0      0.0182367
              0      0.0182367
              0      0.0182367
              0      0.0182367
              0      0.0182367
              0      0.0182367
              0      0.0182367
              0      0.0182368
              0      0.0182368
              0      0.0182368
              0      0.0182368
              0      0.0182368
              0      0.0182368
              0      0.0182369
              0      0.0182369
              0      0.0182369
              0      0.0182369
              0      0.0182369
              0      0.0182369
              0      0.0182369
              0       0.018237
              0       0.018237
              0       0.018237
              0       0.018237
              0      0.0182371
              0      0.0182371
              0       0.018237
              0      0.0182371
              0      0.0182371
              0      0.0182371
              0      0.0182371
              0      0.0182372
              0      0.0182372
              0      0.0182372
              0      0.0182372
              0      0.0182372
              0      0.0182372
              0      0.0182373
              0      0.0182373
              0      0.0182373
              0      0.0182373
              0      0.0182373
              0      0.0182373
              0      0.0182373
              0      0.0182374
              0      0.0182374
              0      0.0182374
              0      0.0182374
              0      0.0182375
              0      0.0182374
              0      0.0182375
              0      0.0182375
              0      0.0182375
              0      0.0182375
              0      0.0182375
              0      0.0182376
              0      0.0182375
              0      0.0182376
              0      0.0182376
              0      0.0182376
              0      0.0182376
              0      0.0182377
              0      0.0182377
              0      0.0182377
              0      0.0182377
              0      0.0182377
              0      0.0182377
              0      0.0182377
              0      0.0182378
              0      0.0182378
              0      0.0182378
              0      0.0182378
              0      0.0182378
              0      0.0182378
              0      0.0182379
              0      0.0182379
              0      0.0182379
              0      0.0182379
              0      0.0182379
              0      0.0182379
              0      0.0182379
              0       0.018238
              0       0.018238
              0       0.018238
              0       0.018238
              0      0.0182381
              0      0.0182381
              0      0.0182381
              0      0.0182381
              0      0.0182381
              0      0.0182381
              0      0.0182381
              0      0.0182382
              0      0.0182382
              0      0.0182382
              0      0.0182382
              0      0.0182382
              0      0.0182382
              0      0.0182383
              0      0.0182383
              0      0.0182383
              0      0.0182383
              0      0.0182383
              0      0.0182383
              0      0.0182383
              0      0.0182384
              0      0.0182384
              0      0.0182384
              0      0.0182384
              0      0.0182384
              0      0.0182384
              0      0.0182385
              0      0.0182385
              0      0.0182385
              0      0.0182385
              0      0.0182386
              0      0.0182386
              0      0.0182385
              0      0.0182386
              0      0.0182386
              0      0.0182386
              0      0.0182386
              0      0.0182387
              0      0.0182387
              0      0.0182387
              0      0.0182387
              0      0.0182387
              0      0.0182387
              0      0.0182388
              0      0.0182388
              0      0.0182388
              0      0.0182388
              0      0.0182388
              0      0.0182388
              0      0.0182388
              0      0.0182389
              0      0.0182389
              0      0.0182389
              0      0.0182389
              0      0.0182389
              0      0.0182389
              0       0.018239
              0       0.018239
              0       0.018239
              0       0.018239
              0       0.018239
              0      0.0182391
              0       0.018239
              0      0.0182391
              0      0.0182391
              0      0.0182391
              0      0.0182391
              0      0.0182392
              0      0.0182392
              0      0.0182392
              0      0.0182392
              0      0.0182392
              0      0.0182392
              0      0.0182392
              0      0.0182393
              0      0.0182393
              0      0.0182393
              0      0.0182393
              0      0.0182393
              0      0.0182393
              0      0.0182394
              0      0.0182394
              0      0.0182394
              0      0.0182394
              0      0.0182394
              0      0.0182394
              0      0.0182394
              0      0.0182395
              0      0.0182395
              0      0.0182395
              0      0.0182395
              0      0.0182396
              0      0.0182395
              0      0.0182396
              0      0.0182396
              0      0.0182396
              0      0.0182396
              0      0.0182397
              0      0.0182397
              0      0.0182396
              0      0.0182397
              0      0.0182397
              0      0.0182397
              0      0.0182397
              0      0.0182398
              0      0.0182398
              0      0.0182398
              0      0.0182398
              0      0.0182398
              0      0.0182398
              0      0.0182399
              0      0.0182399
              0      0.0182399
              0      0.0182399
              0      0.0182399
              0      0.0182399
              0      0.0182399
              0        0.01824
              0        0.01824
              0        0.01824
              0        0.01824
              0        0.01824
              0        0.01824
              0      0.0182401
              0      0.0182401
              0      0.0182401
              0      0.0182401
              0      0.0182401
              0      0.0182402
              0      0.0182401
              0      0.0182402
              0      0.0182402
              0      0.0182402
              0      0.0182402
              0      0.0182403
              0      0.0182403
              0      0.0182403
              0      0.0182403
              0      0.0182403
              0      0.0182403
              0      0.0182403
              0      0.0182404
              0      0.0182404
              0      0.0182404
              0      0.0182404
              0      0.0182404
              0      0.0182404
              0      0.0182405
              0      0.0182405
              0      0.0182405
              0      0.0182405
              0      0.0182405
              0      0.0182405
              0      0.0182405
              0      0.0182406
              0      0.0182406
              0      0.0182406
              0      0.0182406
              0      0.0182406
              0      0.0182406
              0      0.0182407
              0      0.0182407
              0      0.0182407
              0      0.0182407
              0      0.0182408
              0      0.0182408
              0      0.0182407
              0      0.0182408
              0      0.0182408
              0      0.0182408
              0      0.0182408
              0      0.0182409
              0      0.0182409
              0      0.0182409
              0      0.0182409
              0      0.0182409
              0      0.0182409
              0       0.018241
              0       0.018241
              0       0.018241
              0       0.018241
              0       0.018241
              0       0.018241
              0       0.018241
              0      0.0182411
              0      0.0182411
              0      0.0182411
              0      0.0182411
              0      0.0182411
              0      0.0182411
              0      0.0182412
              0      0.0182412
              0      0.0182412
              0      0.0182412
              0      0.0182413
              0      0.0182412
              0      0.0182412
              0      0.0182413
              0      0.0182413
              0      0.0182413
              0      0.0182413
              0      0.0182414
              0      0.0182414
              0      0.0182414
              0      0.0182414
              0      0.0182414
              0      0.0182414
              0      0.0182415
              0      0.0182415
              0      0.0182415
              0      0.0182415
              0      0.0182415
              0      0.0182415
              0      0.0182415
              0      0.0182416
              0      0.0182416
              0      0.0182416
              0      0.0182416
              0      0.0182416
              0      0.0182416
              0      0.0182417
              0      0.0182417
              0      0.0182417
              0      0.0182417
              0      0.0182417
              0      0.0182417
              0      0.0182417
              0      0.0182418
              0      0.0182418
              0      0.0182418
              0      0.0182418
              0      0.0182419
              0      0.0182418
              0      0.0182419
              0      0.0182419
              0      0.0182419
              0      0.0182419
              0       0.018242
              0       0.018242
              0      0.0182419
              0       0.018242
              0       0.018242
              0       0.018242
              0       0.018242
              0      0.0182421
              0      0.0182421
              0      0.0182421
              0      0.0182421
              0      0.0182421
              0      0.0182421
              0      0.0182422
              0      0.0182422
              0      0.0182422
              0      0.0182422
              0      0.0182422
              0      0.0182422
              0      0.0182422
              0      0.0182423
              0      0.0182423
              0      0.0182423
              0      0.0182423
              0      0.0182423
              0      0.0182423
              0      0.0182424
              0      0.0182424
              0      0.0182424
              0      0.0182424
              0      0.0182424
              0      0.0182425
              0      0.0182424
              0      0.0182425
              0      0.0182425
              0      0.0182425
              0      0.0182425
              0      0.0182426
              0      0.0182426
              0      0.0182426
              0      0.0182426
              0      0.0182426
              0      0.0182426
              0      0.0182427
              0      0.0182427
              0      0.0182427
              0      0.0182427
              0      0.0182427
              0      0.0182427
              0      0.0182427
              0      0.0182428
              0      0.0182428
              0      0.0182428
              0      0.0182428
              0      0.0182428
              0      0.0182428
              0      0.0182429
              0      0.0182429
              0      0.0182429
              0      0.0182429
              0      0.0182429
              0      0.0182429
              0      0.0182429
              0       0.018243
              0       0.018243
              0       0.018243
              0       0.018243
              0      0.0182431
              0       0.018243
              0      0.0182431
              0      0.0182431
              0      0.0182431
              0      0.0182431
              0      0.0182432
              0      0.0182432
              0      0.0182431
              0      0.0182432
              0      0.0182432
              0      0.0182432
              0      0.0182432
              0      0.0182433
              0      0.0182433
              0      0.0182433
              0      0.0182433
              0      0.0182433
              0      0.0182433
              0      0.0182434
              0      0.0182434
              0      0.0182434
              0      0.0182434
              0      0.0182434
              0      0.0182434
              0      0.0182434
              0      0.0182435
              0      0.0182435
              0      0.0182435
              0      0.0182435
              0      0.0182435
              0      0.0182435
              0      0.0182436
              0      0.0182436
              0      0.0182436
              0      0.0182436
              0      0.0182437
              0      0.0182436
              0      0.0182436
              0      0.0182437
              0      0.0182437
              0      0.0182437
              0      0.0182437
              0      0.0182438
              0      0.0182438
              0      0.0182438
              0      0.0182438
              0      0.0182438
              0      0.0182438
              0      0.0182439
              0      0.0182439
              0      0.0182439
              0      0.0182439
              0      0.0182439
              0      0.0182439
              0      0.0182439
              0       0.018244
              0       0.018244
              0       0.018244
              0       0.018244
              0       0.018244
              0       0.018244
              0      0.0182441
              0      0.0182441
              0      0.0182441
              0      0.0182441
              0      0.0182441
              0      0.0182441
              0      0.0182441
              0      0.0182442
              0      0.0182442
              0      0.0182442
              0      0.0182442
              0      0.0182442
              0      0.0182443
              0      0.0182443
              0      0.0182443
              0      0.0182443
              0      0.0182444
              0      0.0182444
              0      0.0182443
              0      0.0182444
              0      0.0182444
              0      0.0182444
              0      0.0182444
              0      0.0182445
              0      0.0182445
              0      0.0182445
              0      0.0182445
              0      0.0182445
              0      0.0182445
              0      0.0182446
              0      0.0182446
              0      0.0182446
              0      0.0182446
              0      0.0182446
              0      0.0182446
              0      0.0182446
              0      0.0182447
              0      0.0182447
              0      0.0182447
              0      0.0182447
              0      0.0182447
              0      0.0182447
              0      0.0182448
              0      0.0182448
              0      0.0182448
              0      0.0182448
              0      0.0182449
              0      0.0182448
              0      0.0182448
              0      0.0182449
              0      0.0182449
              0      0.0182449
              0      0.0182449
              0       0.018245
              0      0.0182449
              0       0.018245
              0       0.018245
              0       0.018245
              0       0.018245
              0      0.0182451
              0      0.0182451
              0      0.0182451
              0      0.0182451
              0      0.0182451
              0      0.0182451
              0      0.0182451
              0      0.0182452
              0      0.0182452
              0      0.0182452
              0      0.0182452
              0      0.0182452
              0      0.0182452
              0      0.0182453
              0      0.0182453
              0      0.0182453
              0      0.0182453
              0      0.0182453
              0      0.0182453
              0      0.0182454
              0      0.0182454
              0      0.0182454
              0      0.0182454
              0      0.0182454
              0      0.0182454
              0      0.0182454
              0      0.0182455
              0      0.0182455
              0      0.0182455
              0      0.0182455
              0      0.0182456
              0      0.0182455
              0      0.0182456
              0      0.0182456
              0      0.0182456
              0      0.0182456
              0      0.0182456
              0      0.0182457
              0      0.0182456
              0      0.0182457
              0      0.0182457
              0      0.0182457
              0      0.0182457
              0      0.0182458
              0      0.0182458
              0      0.0182458
              0      0.0182458
              0      0.0182458
              0      0.0182458
              0      0.0182459
              0      0.0182459
              0      0.0182459
              0      0.0182459
              0      0.0182459
              0      0.0182459
              0      0.0182459
              0       0.018246
              0       0.018246
              0       0.018246
              0       0.018246
              0       0.018246
              0       0.018246
              0      0.0182461
              0      0.0182461
              0      0.0182461
              0      0.0182461
              0      0.0182462
              0      0.0182461
              0      0.0182461
              0      0.0182462
              0      0.0182462
              0      0.0182462
              0      0.0182462
              0      0.0182463
              0      0.0182462
              0      0.0182463
              0      0.0182463
              0      0.0182463
              0      0.0182463
              0      0.0182464
              0      0.0182464
              0      0.0182463
              0      0.0182464
              0      0.0182464
              0      0.0182464
              0      0.0182464
              0      0.0182465
              0      0.0182465
              0      0.0182465
              0      0.0182465
              0      0.0182465
              0      0.0182465
              0      0.0182466
              0      0.0182466
              0      0.0182466
              0      0.0182466
              0      0.0182466
              0      0.0182466
              0      0.0182466
              0      0.0182467
              0      0.0182467
              0      0.0182467
              0      0.0182467
              0      0.0182467
              0      0.0182467
              0      0.0182468
              0      0.0182468
              0      0.0182468
              0      0.0182468
              0      0.0182469
              0      0.0182468
              0      0.0182469
              0      0.0182469
              0      0.0182469
              0      0.0182469
              0      0.0182469
              0       0.018247
              0      0.0182469
              0       0.018247
              0       0.018247
              0       0.018247
              0       0.018247
              0      0.0182471
              0      0.0182471
              0      0.0182471
              0      0.0182471
              0      0.0182471
              0      0.0182471
              0      0.0182471
              0      0.0182472
              0      0.0182472
              0      0.0182472
              0      0.0182472
              0      0.0182472
              0      0.0182472
              0      0.0182473
              0      0.0182473
              0      0.0182473
              0      0.0182473
              0      0.0182473
              0      0.0182473
              0      0.0182474
              0      0.0182474
              0      0.0182474
              0      0.0182474
              0      0.0182474
              0      0.0182474
              0      0.0182474
              0      0.0182475
              0      0.0182475
              0      0.0182475
              0      0.0182475
              0      0.0182476
              0      0.0182476
              0      0.0182476
              0      0.0182476
              0      0.0182476
              0      0.0182476
              0      0.0182476
              0      0.0182477
              0      0.0182477
              0      0.0182477
              0      0.0182477
              0      0.0182477
              0      0.0182477
              0      0.0182478
              0      0.0182478
              0      0.0182478
              0      0.0182478
              0      0.0182478
              0      0.0182478
              0      0.0182479
              0      0.0182479
              0      0.0182479
              0      0.0182479
              0      0.0182479
              0      0.0182479
              0      0.0182479
              0       0.018248
              0       0.018248
              0       0.018248
              0       0.018248
              0      0.0182481
              0       0.018248
              0      0.0182481
              0      0.0182481
              0      0.0182481
              0      0.0182481
              0      0.0182482
              0      0.0182482
              0      0.0182481
              0      0.0182482
              0      0.0182482
              0      0.0182482
              0      0.0182482
              0      0.0182483
              0      0.0182483
              0      0.0182483
              0      0.0182483
              0      0.0182483
              0      0.0182483
              0      0.0182484
              0      0.0182484
              0      0.0182484
              0      0.0182484
              0      0.0182484
              0      0.0182484
              0      0.0182484
              0      0.0182485
              0      0.0182485
              0      0.0182485
              0      0.0182485
              0      0.0182485
              0      0.0182485
              0      0.0182486
              0      0.0182486
              0      0.0182486
              0      0.0182486
              0      0.0182487
              0      0.0182486
              0      0.0182486
              0      0.0182487
              0      0.0182487
              0      0.0182487
              0      0.0182487
              0      0.0182488
              0      0.0182487
              0      0.0182488
              0      0.0182488
              0      0.0182488
              0      0.0182488
              0      0.0182489
              0      0.0182489
              0      0.0182488
              0      0.0182489
              0      0.0182489
              0      0.0182489
              0      0.0182489
              0       0.018249
              0       0.018249
              0       0.018249
              0       0.018249
              0       0.018249
              0       0.018249
              0      0.0182491
              0      0.0182491
              0      0.0182491
              0      0.0182491
              0      0.0182491
              0      0.0182491
              0      0.0182491
              0      0.0182492
              0      0.0182492
              0      0.0182492
              0      0.0182492
              0      0.0182492
              0      0.0182492
              0      0.0182493
              0      0.0182493
              0      0.0182493
              0      0.0182493
              0      0.0182494
              0      0.0182493
              0      0.0182493
              0      0.0182494
              0      0.0182494
              0      0.0182494
              0      0.0182494
              0      0.0182495
              0      0.0182494
              0      0.0182495
              0      0.0182495
              0      0.0182495
              0      0.0182495
              0      0.0182496
              0      0.0182496
              0      0.0182496
              0      0.0182496
              0      0.0182496
              0      0.0182496
              0      0.0182496
              0      0.0182497
              0      0.0182497
              0      0.0182497
              0      0.0182497
              0      0.0182497
              0      0.0182497
              0      0.0182498
              0      0.0182498
              0      0.0182498
              0      0.0182498
              0      0.0182498
              0      0.0182498
              0      0.0182498
              0      0.0182499
              0      0.0182499
              0      0.0182499
              0      0.0182499
              0      0.0182499
              0      0.0182499
              0        0.01825
              0        0.01825
              0        0.01825
              0        0.01825
              0      0.0182501
              0      0.0182501
              0      0.0182501
              0      0.0182501
              0      0.0182501
              0      0.0182501
              0      0.0182501
              0      0.0182502
              0      0.0182502
              0      0.0182502
              0      0.0182502
              0      0.0182502
              0      0.0182502
              0      0.0182503
              0      0.0182503
              0      0.0182503
              0      0.0182503
              0      0.0182503
              0      0.0182503
              0      0.0182504
              0      0.0182504
              0      0.0182504
              0      0.0182504
              0      0.0182504
              0      0.0182504
              0      0.0182504
              0      0.0182505
              0      0.0182505
              0      0.0182505
              0      0.0182505
              0      0.0182506
              0      0.0182505
              0      0.0182506
              0      0.0182506
              0      0.0182506
              0      0.0182506
              0      0.0182506
              0      0.0182507
              0      0.0182506
              0      0.0182507
              0      0.0182507
              0      0.0182507
              0      0.0182507
              0      0.0182508
              0      0.0182508
              0      0.0182508
              0      0.0182508
              0      0.0182508
              0      0.0182508
              0      0.0182509
              0      0.0182509
              0      0.0182509
              0      0.0182509
              0      0.0182509
              0      0.0182509
              0      0.0182509
              0       0.018251
              0       0.018251
              0       0.018251
              0       0.018251
              0       0.018251
              0       0.018251
              0      0.0182511
              0      0.0182511
              0      0.0182511
              0      0.0182511
              0      0.0182511
              0      0.0182511
              0      0.0182511
              0      0.0182512
              0      0.0182512
              0      0.0182512
              0      0.0182512
              0      0.0182513
              0      0.0182512
              0      0.0182513
              0      0.0182513
              0      0.0182513
              0      0.0182513
              0      0.0182514
              0      0.0182514
              0      0.0182513
              0      0.0182514
              0      0.0182514
              0      0.0182514
              0      0.0182514
              0      0.0182515
              0      0.0182515
              0      0.0182515
              0      0.0182515
              0      0.0182515
              0      0.0182515
              0      0.0182516
              0      0.0182516
              0      0.0182516
              0      0.0182516
              0      0.0182516
              0      0.0182516
              0      0.0182516
              0      0.0182517
              0      0.0182517
              0      0.0182517
              0      0.0182517
              0      0.0182517
              0      0.0182517
              0      0.0182518
              0      0.0182518
              0      0.0182518
              0      0.0182518
              0      0.0182519
              0      0.0182518
              0      0.0182518
              0      0.0182519
              0      0.0182519
              0      0.0182519
              0      0.0182519
              0       0.018252
              0       0.018252
              0       0.018252
              0       0.018252
              0       0.018252
              0       0.018252
              0      0.0182521
              0      0.0182521
              0      0.0182521
              0      0.0182521
              0      0.0182521
              0      0.0182521
              0      0.0182521
              0      0.0182522
              0      0.0182522
              0      0.0182522
              0      0.0182522
              0      0.0182522
              0      0.0182522
              0      0.0182523
              0      0.0182523
              0      0.0182523
              0      0.0182523
              0      0.0182524
              0      0.0182523
              0      0.0182523
              0      0.0182524
              0      0.0182524
              0      0.0182524
              0      0.0182524
              0      0.0182525
              0      0.0182524
              0      0.0182525
              0      0.0182525
              0      0.0182525
              0      0.0182525
              0      0.0182526
              0      0.0182526
              0      0.0182525
              0      0.0182526
              0      0.0182526
              0      0.0182526
              0      0.0182526
              0      0.0182527
              0      0.0182527
              0      0.0182527
              0      0.0182527
              0      0.0182527
              0      0.0182527
              0      0.0182528
              0      0.0182528
              0      0.0182528
              0      0.0182528
              0      0.0182528
              0      0.0182528
              0      0.0182528
              0      0.0182529
              0      0.0182529
              0      0.0182529
              0      0.0182529
              0      0.0182529
              0      0.0182529
              0       0.018253
              0       0.018253
              0       0.018253
              0       0.018253
              0       0.018253
              0      0.0182531
              0       0.018253
              0      0.0182531
              0      0.0182531
              0      0.0182531
              0      0.0182531
              0      0.0182532
              0      0.0182532
              0      0.0182532
              0      0.0182532
              0      0.0182532
              0      0.0182532
              0      0.0182533
              0      0.0182533
              0      0.0182533
              0      0.0182533
              0      0.0182533
              0      0.0182533
              0      0.0182533
              0      0.0182534
              0      0.0182534
              0      0.0182534
              0      0.0182534
              0      0.0182534
              0      0.0182534
              0      0.0182535
              0      0.0182535
              0      0.0182535
              0      0.0182535
              0      0.0182535
              0      0.0182535
              0      0.0182535
              0      0.0182536
              0      0.0182536
              0      0.0182536
              0      0.0182536
              0      0.0182537
              0      0.0182537
              0      0.0182537
              0      0.0182537
              0      0.0182537
              0      0.0182537
              0      0.0182537
              0      0.0182538
              0      0.0182538
              0      0.0182538
              0      0.0182538
              0      0.0182538
              0      0.0182538
              0      0.0182539
              0      0.0182539
              0      0.0182539
              0      0.0182539
              0      0.0182539
              0      0.0182539
              0      0.0182539
              0       0.018254
              0       0.018254
              0       0.018254
              0       0.018254
              0       0.018254
              0       0.018254
              0      0.0182541
              0      0.0182541
              0      0.0182541
              0      0.0182541
              0      0.0182541
              0      0.0182542
              0      0.0182541
              0      0.0182542
              0      0.0182542
              0      0.0182542
              0      0.0182542
              0      0.0182543
              0      0.0182543
              0      0.0182543
              0      0.0182543
              0      0.0182543
              0      0.0182543
              0      0.0182543
              0      0.0182544
              0      0.0182544
              0      0.0182544
              0      0.0182544
              0      0.0182544
              0      0.0182544
              0      0.0182545
              0      0.0182545
              0      0.0182545
