              0       0.299101
              0       0.299101
              0       0.299101
              0       0.299101
              0       0.299101
              0       0.299101
              0       0.299101
              0       0.299101
              0       0.299101
              0       0.299101
              0       0.299101
              0       0.299101
              0       0.299101
              0       0.299101
              0       0.299101
              0       0.299101
              0       0.299101
              0       0.299101
              0       0.299101
              0       0.299102
              0       0.299102
              0       0.299102
              0       0.299102
              0       0.299102
              0       0.299102
              0       0.299102
              0       0.299102
              0       0.299102
              0       0.299102
              0       0.299102
              0       0.299102
              0       0.299102
              0       0.299102
              0       0.299102
              0       0.299102
              0       0.299102
              0       0.299102
              0       0.299102
              0       0.299102
              0       0.299102
              0       0.299102
              0       0.299102
              0       0.299102
              0       0.299102
              0       0.299102
              0       0.299102
              0       0.299102
              0       0.299102
              0       0.299103
              0       0.299102
              0       0.299103
              0       0.299103
              0       0.299103
              0       0.299103
              0       0.299103
              0       0.299103
              0       0.299103
              0       0.299103
              0       0.299103
              0       0.299103
              0       0.299103
              0       0.299103
              0       0.299103
              0       0.299103
              0       0.299103
              0       0.299103
              0       0.299103
              0       0.299103
              0       0.299103
              0       0.299103
              0       0.299103
              0       0.299103
              0       0.299103
              0       0.299103
              0       0.299103
              0       0.299103
              0       0.299103
              0       0.299103
              0       0.299103
              0       0.299104
              0       0.299104
              0       0.299104
              0       0.299104
              0       0.299104
              0       0.299104
              0       0.299104
              0       0.299104
              0       0.299104
              0       0.299104
              0       0.299104
              0       0.299104
              0       0.299104
              0       0.299104
              0       0.299104
              0       0.299104
              0       0.299104
              0       0.299104
              0       0.299104
              0       0.299104
              0       0.299104
              0       0.299104
              0       0.299104
              0       0.299104
              0       0.299104
              0       0.299104
              0       0.299104
              0       0.299104
              0       0.299104
              0       0.299104
              0       0.299104
              0       0.299105
              0       0.299105
              0       0.299105
              0       0.299105
              0       0.299105
              0       0.299105
              0       0.299105
              0       0.299105
              0       0.299105
              0       0.299105
              0       0.299105
              0       0.299105
              0       0.299105
              0       0.299105
              0       0.299105
              0       0.299105
              0       0.299105
              0       0.299105
              0       0.299105
              0       0.299105
              0       0.299105
              0       0.299105
              0       0.299105
              0       0.299105
              0       0.299105
              0       0.299105
              0       0.299105
              0       0.299105
              0       0.299105
              0       0.299105
              0       0.299105
              0       0.299106
              0       0.299106
              0       0.299106
              0       0.299106
              0       0.299106
              0       0.299106
              0       0.299106
              0       0.299106
              0       0.299106
              0       0.299106
              0       0.299106
              0       0.299106
              0       0.299106
              0       0.299106
              0       0.299106
              0       0.299106
              0       0.299106
              0       0.299106
              0       0.299106
              0       0.299106
              0       0.299106
              0       0.299106
              0       0.299106
              0       0.299106
              0       0.299106
              0       0.299106
              0       0.299106
              0       0.299106
              0       0.299107
              0       0.299107
              0       0.299107
              0       0.299107
              0       0.299107
              0       0.299107
              0       0.299107
              0       0.299107
              0       0.299107
              0       0.299107
              0       0.299107
              0       0.299107
              0       0.299107
              0       0.299107
              0       0.299107
              0       0.299107
              0       0.299107
              0       0.299107
              0       0.299107
              0       0.299107
              0       0.299107
              0       0.299107
              0       0.299107
              0       0.299107
              0       0.299107
              0       0.299107
              0       0.299107
              0       0.299107
              0       0.299107
              0       0.299107
              0       0.299107
              0       0.299108
              0       0.299108
              0       0.299108
              0       0.299108
              0       0.299108
              0       0.299108
              0       0.299108
              0       0.299108
              0       0.299108
              0       0.299108
              0       0.299108
              0       0.299108
              0       0.299108
              0       0.299108
              0       0.299108
              0       0.299108
              0       0.299108
              0       0.299108
              0       0.299108
              0       0.299108
              0       0.299108
              0       0.299108
              0       0.299108
              0       0.299108
              0       0.299108
              0       0.299108
              0       0.299108
              0       0.299108
              0       0.299108
              0       0.299108
              0       0.299108
              0       0.299109
              0       0.299109
              0       0.299109
              0       0.299109
              0       0.299109
              0       0.299109
              0       0.299109
              0       0.299109
              0       0.299109
              0       0.299109
              0       0.299109
              0       0.299109
              0       0.299109
              0       0.299109
              0       0.299109
              0       0.299109
              0       0.299109
              0       0.299109
              0       0.299109
              0       0.299109
              0       0.299109
              0       0.299109
              0       0.299109
              0       0.299109
              0       0.299109
              0       0.299109
              0       0.299109
              0       0.299109
              0       0.299109
              0       0.299109
              0       0.299109
              0        0.29911
              0        0.29911
              0        0.29911
              0        0.29911
              0        0.29911
              0        0.29911
              0        0.29911
              0        0.29911
              0        0.29911
              0        0.29911
              0        0.29911
              0        0.29911
              0        0.29911
              0        0.29911
              0        0.29911
              0        0.29911
              0        0.29911
              0        0.29911
              0        0.29911
              0        0.29911
              0        0.29911
              0        0.29911
              0        0.29911
              0        0.29911
              0        0.29911
              0        0.29911
              0        0.29911
              0        0.29911
              0        0.29911
              0        0.29911
              0       0.299111
              0       0.299111
              0       0.299111
              0       0.299111
              0       0.299111
              0       0.299111
              0       0.299111
              0       0.299111
              0       0.299111
              0       0.299111
              0       0.299111
              0       0.299111
              0       0.299111
              0       0.299111
              0       0.299111
              0       0.299111
              0       0.299111
              0       0.299111
              0       0.299111
              0       0.299111
              0       0.299111
              0       0.299111
              0       0.299111
              0       0.299111
              0       0.299111
              0       0.299111
              0       0.299111
              0       0.299111
              0       0.299111
              0       0.299112
              0       0.299111
              0       0.299112
              0       0.299112
              0       0.299112
              0       0.299112
              0       0.299112
              0       0.299112
              0       0.299112
              0       0.299112
              0       0.299112
              0       0.299112
              0       0.299112
              0       0.299112
              0       0.299112
              0       0.299112
              0       0.299112
              0       0.299112
              0       0.299112
              0       0.299112
              0       0.299112
              0       0.299112
              0       0.299112
              0       0.299112
              0       0.299112
              0       0.299112
              0       0.299112
              0       0.299112
              0       0.299112
              0       0.299112
              0       0.299113
              0       0.299113
              0       0.299112
              0       0.299113
              0       0.299113
              0       0.299113
              0       0.299113
              0       0.299113
              0       0.299113
              0       0.299113
              0       0.299113
              0       0.299113
              0       0.299113
              0       0.299113
              0       0.299113
              0       0.299113
              0       0.299113
              0       0.299113
              0       0.299113
              0       0.299113
              0       0.299113
              0       0.299113
              0       0.299113
              0       0.299113
              0       0.299113
              0       0.299113
              0       0.299113
              0       0.299113
              0       0.299113
              0       0.299113
              0       0.299113
              0       0.299114
              0       0.299114
              0       0.299114
              0       0.299114
              0       0.299114
              0       0.299114
              0       0.299114
              0       0.299114
              0       0.299114
              0       0.299114
              0       0.299114
              0       0.299114
              0       0.299114
              0       0.299114
              0       0.299114
              0       0.299114
              0       0.299114
              0       0.299114
              0       0.299114
              0       0.299114
              0       0.299114
              0       0.299114
              0       0.299114
              0       0.299114
              0       0.299114
              0       0.299114
              0       0.299114
              0       0.299114
              0       0.299114
              0       0.299114
              0       0.299114
              0       0.299115
              0       0.299115
              0       0.299115
              0       0.299115
              0       0.299115
              0       0.299115
              0       0.299115
              0       0.299115
              0       0.299115
              0       0.299115
              0       0.299115
              0       0.299115
              0       0.299115
              0       0.299115
              0       0.299115
              0       0.299115
              0       0.299115
              0       0.299115
              0       0.299115
              0       0.299115
              0       0.299115
              0       0.299115
              0       0.299115
              0       0.299115
              0       0.299115
              0       0.299115
              0       0.299115
              0       0.299115
              0       0.299115
              0       0.299115
              0       0.299116
              0       0.299116
              0       0.299116
              0       0.299116
              0       0.299116
              0       0.299116
              0       0.299116
              0       0.299116
              0       0.299116
              0       0.299116
              0       0.299116
              0       0.299116
              0       0.299116
              0       0.299116
              0       0.299116
              0       0.299116
              0       0.299116
              0       0.299116
              0       0.299116
              0       0.299116
              0       0.299116
              0       0.299116
              0       0.299116
              0       0.299116
              0       0.299116
              0       0.299116
              0       0.299116
              0       0.299116
              0       0.299116
              0       0.299116
              0       0.299116
              0       0.299117
              0       0.299117
              0       0.299117
              0       0.299117
              0       0.299117
              0       0.299117
              0       0.299117
              0       0.299117
              0       0.299117
              0       0.299117
              0       0.299117
              0       0.299117
              0       0.299117
              0       0.299117
              0       0.299117
              0       0.299117
              0       0.299117
              0       0.299117
              0       0.299117
              0       0.299117
              0       0.299117
              0       0.299117
              0       0.299117
              0       0.299117
              0       0.299117
              0       0.299117
              0       0.299117
              0       0.299117
              0       0.299117
              0       0.299117
              0       0.299118
              0       0.299118
              0       0.299118
              0       0.299118
              0       0.299118
              0       0.299118
              0       0.299118
              0       0.299118
              0       0.299118
              0       0.299118
              0       0.299118
              0       0.299118
              0       0.299118
              0       0.299118
              0       0.299118
              0       0.299118
              0       0.299118
              0       0.299118
              0       0.299118
              0       0.299118
              0       0.299118
              0       0.299118
              0       0.299118
              0       0.299118
              0       0.299118
              0       0.299118
              0       0.299118
              0       0.299118
              0       0.299118
              0       0.299118
              0       0.299118
              0       0.299119
              0       0.299119
              0       0.299119
              0       0.299119
              0       0.299119
              0       0.299119
              0       0.299119
              0       0.299119
              0       0.299119
              0       0.299119
              0       0.299119
              0       0.299119
              0       0.299119
              0       0.299119
              0       0.299119
              0       0.299119
              0       0.299119
              0       0.299119
              0       0.299119
              0       0.299119
              0       0.299119
              0       0.299119
              0       0.299119
              0       0.299119
              0       0.299119
              0       0.299119
              0       0.299119
              0       0.299119
              0       0.299119
              0       0.299119
              0        0.29912
              0        0.29912
              0        0.29912
              0        0.29912
              0        0.29912
              0        0.29912
              0        0.29912
              0        0.29912
              0        0.29912
              0        0.29912
              0        0.29912
              0        0.29912
              0        0.29912
              0        0.29912
              0        0.29912
              0        0.29912
              0        0.29912
              0        0.29912
              0        0.29912
              0        0.29912
              0        0.29912
              0        0.29912
              0        0.29912
              0        0.29912
              0        0.29912
              0        0.29912
              0        0.29912
              0        0.29912
              0        0.29912
              0        0.29912
              0        0.29912
              0       0.299121
              0       0.299121
              0       0.299121
              0       0.299121
              0       0.299121
              0       0.299121
              0       0.299121
              0       0.299121
              0       0.299121
              0       0.299121
              0       0.299121
              0       0.299121
              0       0.299121
              0       0.299121
              0       0.299121
              0       0.299121
              0       0.299121
              0       0.299121
              0       0.299121
              0       0.299121
              0       0.299121
              0       0.299121
              0       0.299121
              0       0.299121
              0       0.299121
              0       0.299121
              0       0.299121
              0       0.299121
              0       0.299121
              0       0.299121
              0       0.299122
              0       0.299122
              0       0.299122
              0       0.299122
              0       0.299122
              0       0.299122
              0       0.299122
              0       0.299122
              0       0.299122
              0       0.299122
              0       0.299122
              0       0.299122
              0       0.299122
              0       0.299122
              0       0.299122
              0       0.299122
              0       0.299122
              0       0.299122
              0       0.299122
              0       0.299122
              0       0.299122
              0       0.299122
              0       0.299122
              0       0.299122
              0       0.299122
              0       0.299122
              0       0.299122
              0       0.299122
              0       0.299122
              0       0.299122
              0       0.299122
              0       0.299123
              0       0.299123
              0       0.299123
              0       0.299123
              0       0.299123
              0       0.299123
              0       0.299123
              0       0.299123
              0       0.299123
              0       0.299123
              0       0.299123
              0       0.299123
              0       0.299123
              0       0.299123
              0       0.299123
              0       0.299123
              0       0.299123
              0       0.299123
              0       0.299123
              0       0.299123
              0       0.299123
              0       0.299123
              0       0.299123
              0       0.299123
              0       0.299123
              0       0.299123
              0       0.299123
              0       0.299123
              0       0.299123
              0       0.299123
              0       0.299124
              0       0.299124
              0       0.299124
              0       0.299124
              0       0.299124
              0       0.299124
              0       0.299124
              0       0.299124
              0       0.299124
              0       0.299124
              0       0.299124
              0       0.299124
              0       0.299124
              0       0.299124
              0       0.299124
              0       0.299124
              0       0.299124
              0       0.299124
              0       0.299124
              0       0.299124
              0       0.299124
              0       0.299124
              0       0.299124
              0       0.299124
              0       0.299124
              0       0.299124
              0       0.299124
              0       0.299124
              0       0.299124
              0       0.299124
              0       0.299125
              0       0.299125
              0       0.299125
              0       0.299125
              0       0.299125
              0       0.299125
              0       0.299125
              0       0.299125
              0       0.299125
              0       0.299125
              0       0.299125
              0       0.299125
              0       0.299125
              0       0.299125
              0       0.299125
              0       0.299125
              0       0.299125
              0       0.299125
              0       0.299125
              0       0.299125
              0       0.299125
              0       0.299125
              0       0.299125
              0       0.299125
              0       0.299125
              0       0.299125
              0       0.299125
              0       0.299125
              0       0.299125
              0       0.299125
              0       0.299126
              0       0.299126
              0       0.299126
              0       0.299126
              0       0.299126
              0       0.299126
              0       0.299126
              0       0.299126
              0       0.299126
              0       0.299126
              0       0.299126
              0       0.299126
              0       0.299126
              0       0.299126
              0       0.299126
              0       0.299126
              0       0.299126
              0       0.299126
              0       0.299126
              0       0.299126
              0       0.299126
              0       0.299126
              0       0.299126
              0       0.299126
              0       0.299126
              0       0.299126
              0       0.299126
              0       0.299126
              0       0.299126
              0       0.299126
              0       0.299126
              0       0.299127
              0       0.299127
              0       0.299127
              0       0.299127
              0       0.299127
              0       0.299127
              0       0.299127
              0       0.299127
              0       0.299127
              0       0.299127
              0       0.299127
              0       0.299127
              0       0.299127
              0       0.299127
              0       0.299127
              0       0.299127
              0       0.299127
              0       0.299127
              0       0.299127
              0       0.299127
              0       0.299127
              0       0.299127
              0       0.299127
              0       0.299127
              0       0.299127
              0       0.299127
              0       0.299127
              0       0.299127
              0       0.299127
              0       0.299127
              0       0.299128
              0       0.299128
              0       0.299128
              0       0.299128
              0       0.299128
              0       0.299128
              0       0.299128
              0       0.299128
              0       0.299128
              0       0.299128
              0       0.299128
              0       0.299128
              0       0.299128
              0       0.299128
              0       0.299128
              0       0.299128
              0       0.299128
              0       0.299128
              0       0.299128
              0       0.299128
              0       0.299128
              0       0.299128
              0       0.299128
              0       0.299128
              0       0.299128
              0       0.299128
              0       0.299128
              0       0.299128
              0       0.299128
              0       0.299128
              0       0.299129
              0       0.299129
              0       0.299129
              0       0.299129
              0       0.299129
              0       0.299129
              0       0.299129
              0       0.299129
              0       0.299129
              0       0.299129
              0       0.299129
              0       0.299129
              0       0.299129
              0       0.299129
              0       0.299129
              0       0.299129
              0       0.299129
              0       0.299129
              0       0.299129
              0       0.299129
              0       0.299129
              0       0.299129
              0       0.299129
              0       0.299129
              0       0.299129
              0       0.299129
              0       0.299129
              0       0.299129
              0       0.299129
              0       0.299129
              0        0.29913
              0        0.29913
              0        0.29913
              0        0.29913
              0        0.29913
              0        0.29913
              0        0.29913
              0        0.29913
              0        0.29913
              0        0.29913
              0        0.29913
              0        0.29913
              0        0.29913
              0        0.29913
              0        0.29913
              0        0.29913
              0        0.29913
              0        0.29913
              0        0.29913
              0        0.29913
              0        0.29913
              0        0.29913
              0        0.29913
              0        0.29913
              0        0.29913
              0        0.29913
              0        0.29913
              0        0.29913
              0        0.29913
              0        0.29913
              0       0.299131
              0        0.29913
              0       0.299131
              0       0.299131
              0       0.299131
              0       0.299131
              0       0.299131
              0       0.299131
              0       0.299131
              0       0.299131
              0       0.299131
              0       0.299131
              0       0.299131
              0       0.299131
              0       0.299131
              0       0.299131
              0       0.299131
              0       0.299131
              0       0.299131
              0       0.299131
              0       0.299131
              0       0.299131
              0       0.299131
              0       0.299131
              0       0.299131
              0       0.299131
              0       0.299131
              0       0.299131
              0       0.299131
              0       0.299131
              0       0.299132
              0       0.299131
              0       0.299132
              0       0.299132
              0       0.299132
              0       0.299132
              0       0.299132
              0       0.299132
              0       0.299132
              0       0.299132
              0       0.299132
              0       0.299132
              0       0.299132
              0       0.299132
              0       0.299132
              0       0.299132
              0       0.299132
              0       0.299132
              0       0.299132
              0       0.299132
              0       0.299132
              0       0.299132
              0       0.299132
              0       0.299132
              0       0.299132
              0       0.299132
              0       0.299132
              0       0.299132
              0       0.299132
              0       0.299132
              0       0.299132
              0       0.299132
              0       0.299133
              0       0.299133
              0       0.299133
              0       0.299133
              0       0.299133
              0       0.299133
              0       0.299133
              0       0.299133
              0       0.299133
              0       0.299133
              0       0.299133
              0       0.299133
              0       0.299133
              0       0.299133
              0       0.299133
              0       0.299133
              0       0.299133
              0       0.299133
              0       0.299133
              0       0.299133
              0       0.299133
              0       0.299133
              0       0.299133
              0       0.299133
              0       0.299133
              0       0.299133
              0       0.299133
              0       0.299133
              0       0.299133
              0       0.299133
              0       0.299134
              0       0.299134
              0       0.299134
              0       0.299134
              0       0.299134
              0       0.299134
              0       0.299134
              0       0.299134
              0       0.299134
              0       0.299134
              0       0.299134
              0       0.299134
              0       0.299134
              0       0.299134
              0       0.299134
              0       0.299134
              0       0.299134
              0       0.299134
              0       0.299134
              0       0.299134
              0       0.299134
              0       0.299134
              0       0.299134
              0       0.299134
              0       0.299134
              0       0.299134
              0       0.299134
              0       0.299134
              0       0.299134
              0       0.299134
              0       0.299135
              0       0.299135
              0       0.299135
              0       0.299135
              0       0.299135
              0       0.299135
              0       0.299135
              0       0.299135
              0       0.299135
              0       0.299135
              0       0.299135
              0       0.299135
              0       0.299135
              0       0.299135
              0       0.299135
              0       0.299135
              0       0.299135
              0       0.299135
              0       0.299135
              0       0.299135
              0       0.299135
              0       0.299135
              0       0.299135
              0       0.299135
              0       0.299135
              0       0.299135
              0       0.299135
              0       0.299135
              0       0.299135
              0       0.299136
              0       0.299136
              0       0.299135
              0       0.299136
              0       0.299136
              0       0.299136
              0       0.299136
              0       0.299136
              0       0.299136
              0       0.299136
              0       0.299136
              0       0.299136
              0       0.299136
              0       0.299136
              0       0.299136
              0       0.299136
              0       0.299136
              0       0.299136
              0       0.299136
              0       0.299136
              0       0.299136
              0       0.299136
              0       0.299136
              0       0.299136
              0       0.299136
              0       0.299136
              0       0.299136
              0       0.299136
              0       0.299136
              0       0.299136
              0       0.299137
              0       0.299136
              0       0.299137
              0       0.299137
              0       0.299137
              0       0.299137
              0       0.299137
              0       0.299137
              0       0.299137
              0       0.299137
              0       0.299137
              0       0.299137
              0       0.299137
              0       0.299137
              0       0.299137
              0       0.299137
              0       0.299137
              0       0.299137
              0       0.299137
              0       0.299137
              0       0.299137
              0       0.299137
              0       0.299137
              0       0.299137
              0       0.299137
              0       0.299137
              0       0.299137
              0       0.299137
              0       0.299137
              0       0.299137
              0       0.299137
              0       0.299137
              0       0.299138
              0       0.299138
              0       0.299138
              0       0.299138
              0       0.299138
              0       0.299138
              0       0.299138
              0       0.299138
              0       0.299138
              0       0.299138
              0       0.299138
              0       0.299138
              0       0.299138
              0       0.299138
              0       0.299138
              0       0.299138
              0       0.299138
              0       0.299138
              0       0.299138
              0       0.299138
              0       0.299138
              0       0.299138
              0       0.299138
              0       0.299138
              0       0.299138
              0       0.299138
              0       0.299138
              0       0.299138
              0       0.299138
              0       0.299138
              0       0.299139
              0       0.299139
              0       0.299139
              0       0.299139
              0       0.299139
              0       0.299139
              0       0.299139
              0       0.299139
              0       0.299139
              0       0.299139
              0       0.299139
              0       0.299139
              0       0.299139
              0       0.299139
              0       0.299139
              0       0.299139
              0       0.299139
              0       0.299139
              0       0.299139
              0       0.299139
              0       0.299139
              0       0.299139
              0       0.299139
              0       0.299139
              0       0.299139
              0       0.299139
              0       0.299139
              0       0.299139
              0       0.299139
              0       0.299139
              0        0.29914
              0        0.29914
              0        0.29914
              0        0.29914
              0        0.29914
              0        0.29914
              0        0.29914
              0        0.29914
              0        0.29914
              0        0.29914
              0        0.29914
              0        0.29914
              0        0.29914
              0        0.29914
              0        0.29914
              0        0.29914
              0        0.29914
              0        0.29914
              0        0.29914
              0        0.29914
              0        0.29914
              0        0.29914
              0        0.29914
              0        0.29914
              0        0.29914
              0        0.29914
              0        0.29914
              0        0.29914
              0        0.29914
              0        0.29914
              0       0.299141
              0        0.29914
              0       0.299141
              0       0.299141
              0       0.299141
              0       0.299141
              0       0.299141
              0       0.299141
              0       0.299141
              0       0.299141
              0       0.299141
              0       0.299141
              0       0.299141
              0       0.299141
              0       0.299141
              0       0.299141
              0       0.299141
              0       0.299141
              0       0.299141
              0       0.299141
              0       0.299141
              0       0.299141
              0       0.299141
              0       0.299141
              0       0.299141
              0       0.299141
              0       0.299141
              0       0.299141
              0       0.299141
              0       0.299141
              0       0.299141
              0       0.299141
              0       0.299142
              0       0.299142
              0       0.299142
              0       0.299142
              0       0.299142
              0       0.299142
              0       0.299142
              0       0.299142
              0       0.299142
              0       0.299142
              0       0.299142
              0       0.299142
              0       0.299142
              0       0.299142
              0       0.299142
              0       0.299142
              0       0.299142
              0       0.299142
              0       0.299142
              0       0.299142
              0       0.299142
              0       0.299142
              0       0.299142
              0       0.299142
              0       0.299142
              0       0.299142
              0       0.299142
              0       0.299142
              0       0.299142
              0       0.299142
              0       0.299143
              0       0.299143
              0       0.299143
              0       0.299143
              0       0.299143
              0       0.299143
              0       0.299143
              0       0.299143
              0       0.299143
              0       0.299143
              0       0.299143
              0       0.299143
              0       0.299143
              0       0.299143
              0       0.299143
              0       0.299143
              0       0.299143
              0       0.299143
              0       0.299143
              0       0.299143
              0       0.299143
              0       0.299143
              0       0.299143
              0       0.299143
              0       0.299143
              0       0.299143
              0       0.299143
              0       0.299143
              0       0.299143
              0       0.299143
              0       0.299144
              0       0.299144
              0       0.299144
              0       0.299144
              0       0.299144
              0       0.299144
              0       0.299144
              0       0.299144
              0       0.299144
              0       0.299144
              0       0.299144
              0       0.299144
              0       0.299144
              0       0.299144
              0       0.299144
              0       0.299144
              0       0.299144
              0       0.299144
              0       0.299144
              0       0.299144
              0       0.299144
              0       0.299144
              0       0.299144
              0       0.299144
              0       0.299144
              0       0.299144
              0       0.299144
              0       0.299144
              0       0.299144
              0       0.299144
              0       0.299145
              0       0.299145
              0       0.299144
              0       0.299145
              0       0.299145
              0       0.299145
              0       0.299145
              0       0.299145
              0       0.299145
              0       0.299145
              0       0.299145
              0       0.299145
              0       0.299145
              0       0.299145
              0       0.299145
              0       0.299145
              0       0.299145
              0       0.299145
              0       0.299145
              0       0.299145
              0       0.299145
              0       0.299145
              0       0.299145
              0       0.299145
              0       0.299145
              0       0.299145
              0       0.299145
              0       0.299145
              0       0.299145
              0       0.299145
              0       0.299146
              0       0.299145
              0       0.299145
              0       0.299146
              0       0.299146
              0       0.299146
              0       0.299146
              0       0.299146
              0       0.299146
              0       0.299146
              0       0.299146
              0       0.299146
              0       0.299146
              0       0.299146
              0       0.299146
              0       0.299146
              0       0.299146
              0       0.299146
              0       0.299146
              0       0.299146
              0       0.299146
              0       0.299146
              0       0.299146
              0       0.299146
              0       0.299146
              0       0.299146
              0       0.299146
              0       0.299146
              0       0.299146
              0       0.299146
              0       0.299146
              0       0.299146
              0       0.299147
              0       0.299147
              0       0.299147
              0       0.299147
              0       0.299147
              0       0.299147
              0       0.299147
              0       0.299147
              0       0.299147
              0       0.299147
              0       0.299147
              0       0.299147
              0       0.299147
              0       0.299147
              0       0.299147
              0       0.299147
              0       0.299147
              0       0.299147
              0       0.299147
              0       0.299147
              0       0.299147
              0       0.299147
              0       0.299147
              0       0.299147
              0       0.299147
              0       0.299147
              0       0.299147
              0       0.299147
              0       0.299147
              0       0.299147
              0       0.299148
              0       0.299148
              0       0.299148
              0       0.299148
              0       0.299148
              0       0.299148
              0       0.299148
              0       0.299148
              0       0.299148
              0       0.299148
              0       0.299148
              0       0.299148
              0       0.299148
              0       0.299148
              0       0.299148
              0       0.299148
              0       0.299148
              0       0.299148
              0       0.299148
              0       0.299148
              0       0.299148
              0       0.299148
              0       0.299148
              0       0.299148
              0       0.299148
              0       0.299148
              0       0.299148
              0       0.299148
              0       0.299148
              0       0.299148
              0       0.299149
              0       0.299149
              0       0.299149
              0       0.299149
              0       0.299149
              0       0.299149
              0       0.299149
              0       0.299149
              0       0.299149
              0       0.299149
              0       0.299149
              0       0.299149
              0       0.299149
              0       0.299149
              0       0.299149
              0       0.299149
              0       0.299149
              0       0.299149
              0       0.299149
              0       0.299149
              0       0.299149
              0       0.299149
              0       0.299149
              0       0.299149
              0       0.299149
              0       0.299149
              0       0.299149
              0       0.299149
              0       0.299149
              0       0.299149
              0        0.29915
              0        0.29915
              0        0.29915
              0        0.29915
              0        0.29915
              0        0.29915
              0        0.29915
              0        0.29915
              0        0.29915
              0        0.29915
              0        0.29915
              0        0.29915
              0        0.29915
              0        0.29915
              0        0.29915
              0        0.29915
              0        0.29915
              0        0.29915
              0        0.29915
              0        0.29915
              0        0.29915
              0        0.29915
              0        0.29915
              0        0.29915
              0        0.29915
              0        0.29915
              0        0.29915
              0        0.29915
              0        0.29915
              0        0.29915
              0       0.299151
              0       0.299151
              0        0.29915
              0       0.299151
              0       0.299151
              0       0.299151
              0       0.299151
              0       0.299151
              0       0.299151
              0       0.299151
              0       0.299151
              0       0.299151
              0       0.299151
              0       0.299151
              0       0.299151
              0       0.299151
              0       0.299151
              0       0.299151
              0       0.299151
              0       0.299151
              0       0.299151
              0       0.299151
              0       0.299151
              0       0.299151
              0       0.299151
              0       0.299151
              0       0.299151
              0       0.299151
              0       0.299151
              0       0.299151
              0       0.299151
              0       0.299151
              0       0.299151
              0       0.299152
              0       0.299152
              0       0.299152
              0       0.299152
              0       0.299152
              0       0.299152
              0       0.299152
              0       0.299152
              0       0.299152
              0       0.299152
              0       0.299152
              0       0.299152
              0       0.299152
              0       0.299152
              0       0.299152
              0       0.299152
              0       0.299152
              0       0.299152
              0       0.299152
              0       0.299152
              0       0.299152
              0       0.299152
              0       0.299152
              0       0.299152
              0       0.299152
              0       0.299152
              0       0.299152
              0       0.299152
              0       0.299152
              0       0.299152
              0       0.299153
              0       0.299153
              0       0.299153
              0       0.299153
              0       0.299153
              0       0.299153
              0       0.299153
              0       0.299153
              0       0.299153
              0       0.299153
              0       0.299153
              0       0.299153
              0       0.299153
              0       0.299153
              0       0.299153
              0       0.299153
              0       0.299153
              0       0.299153
              0       0.299153
              0       0.299153
              0       0.299153
              0       0.299153
              0       0.299153
              0       0.299153
              0       0.299153
              0       0.299153
              0       0.299153
              0       0.299153
              0       0.299153
              0       0.299153
              0       0.299154
              0       0.299154
              0       0.299154
              0       0.299154
              0       0.299154
              0       0.299154
              0       0.299154
              0       0.299154
              0       0.299154
              0       0.299154
              0       0.299154
              0       0.299154
              0       0.299154
              0       0.299154
              0       0.299154
              0       0.299154
              0       0.299154
              0       0.299154
              0       0.299154
              0       0.299154
              0       0.299154
              0       0.299154
              0       0.299154
              0       0.299154
              0       0.299154
              0       0.299154
              0       0.299154
              0       0.299154
              0       0.299154
              0       0.299154
              0       0.299155
              0       0.299155
              0       0.299155
              0       0.299155
              0       0.299155
              0       0.299155
              0       0.299155
              0       0.299155
              0       0.299155
              0       0.299155
              0       0.299155
              0       0.299155
              0       0.299155
              0       0.299155
              0       0.299155
              0       0.299155
              0       0.299155
              0       0.299155
              0       0.299155
              0       0.299155
              0       0.299155
              0       0.299155
              0       0.299155
              0       0.299155
              0       0.299155
              0       0.299155
              0       0.299155
              0       0.299155
              0       0.299155
              0       0.299155
              0       0.299155
              0       0.299156
              0       0.299156
