              0              0              0            nan
      0.0909091       0.472737      0.0334679        -1.1797
       0.181818       0.612506       0.043363        -1.1797
       0.272727       0.618127      0.0437609        -1.1797
       0.363636         0.5697      0.0403325        -1.1797
       0.454545       0.499497      0.0353624        -1.1797
       0.545455       0.420522      0.0297713        -1.1797
       0.636364       0.338012      0.0239299        -1.1797
       0.727273       0.254078      0.0179877        -1.1797
       0.818182       0.169571      0.0120049        -1.1797
       0.909091      0.0848319     0.00600576        -1.1797
              1              0    5.88857e-18              0
