              0              0              0            nan
        0.03125       0.235215     0.00192043        -2.0916
         0.0625       0.398984     0.00325753        -2.0916
        0.09375       0.510481     0.00416785        -2.0916
          0.125       0.583735     0.00476594        -2.0916
        0.15625        0.62901     0.00513559        -2.0916
         0.1875       0.653815     0.00533811        -2.0916
        0.21875       0.663645     0.00541837        -2.0916
           0.25       0.662517     0.00540916        -2.0916
        0.28125       0.653374     0.00533451        -2.0916
         0.3125       0.638365     0.00521197        -2.0916
        0.34375       0.619066      0.0050544        -2.0916
          0.375       0.596628      0.0048712        -2.0916
        0.40625       0.571893     0.00466926        -2.0916
         0.4375       0.545478     0.00445359        -2.0916
        0.46875       0.517834     0.00422788        -2.0916
            0.5        0.48929     0.00399484        -2.0916
        0.53125       0.460088     0.00375642        -2.0916
         0.5625       0.430405     0.00351407        -2.0916
        0.59375       0.400369     0.00326884        -2.0916
          0.625       0.370076     0.00302151        -2.0916
        0.65625       0.339595     0.00277264        -2.0916
         0.6875       0.308975     0.00252265        -2.0916
        0.71875       0.278255     0.00227183        -2.0916
           0.75       0.247461     0.00202041        -2.0916
        0.78125       0.216612     0.00176854        -2.0916
         0.8125       0.185724     0.00151636        -2.0916
        0.84375       0.154808     0.00126394        -2.0916
          0.875        0.12387     0.00101134        -2.0916
        0.90625      0.0929166    0.000758623        -2.0916
         0.9375      0.0619519     0.00050581        -2.0916
        0.96875       0.030979     0.00025293        -2.0916
              1              0    5.88857e-18              0
