              0              0              0            nan
     0.00990099      0.0842968    6.88857e-05       -3.08804
       0.019802       0.159715    0.000130516       -3.08804
       0.029703       0.227091    0.000185574       -3.08804
       0.039604       0.287183     0.00023468       -3.08804
       0.049505       0.340678    0.000278396       -3.08804
      0.0594059       0.388198    0.000317228       -3.08804
      0.0693069       0.430306    0.000351637       -3.08804
      0.0792079       0.467511    0.000382041       -3.08804
      0.0891089       0.500278    0.000408817       -3.08804
      0.0990099       0.529022    0.000432307       -3.08804
       0.108911       0.554125     0.00045282       -3.08804
       0.118812       0.575929    0.000470638       -3.08804
       0.128713       0.594745    0.000486014       -3.08804
       0.138614       0.610854    0.000499178       -3.08804
       0.148515       0.624513     0.00051034       -3.08804
       0.158416       0.635951    0.000519687       -3.08804
       0.168317       0.645379    0.000527391       -3.08804
       0.178218       0.652985    0.000533607       -3.08804
       0.188119       0.658942    0.000538475       -3.08804
        0.19802       0.663405    0.000542122       -3.08804
       0.207921       0.666515    0.000544663       -3.08804
       0.217822       0.668399    0.000546202       -3.08804
       0.227723       0.669173    0.000546835       -3.08804
       0.237624       0.668941    0.000546645       -3.08804
       0.247525       0.667799    0.000545712       -3.08804
       0.257426       0.665831    0.000544104       -3.08804
       0.267327       0.663117    0.000541886       -3.08804
       0.277228       0.659726    0.000539115       -3.08804
       0.287129       0.655722    0.000535844       -3.08804
        0.29703       0.651164    0.000532118       -3.08804
       0.306931       0.646102    0.000527982       -3.08804
       0.316832       0.640585    0.000523473       -3.08804
       0.326733       0.634655    0.000518628       -3.08804
       0.336634       0.628352    0.000513477       -3.08804
       0.346535       0.621711     0.00050805       -3.08804
       0.356436       0.614763    0.000502372       -3.08804
       0.366337       0.607537    0.000496468       -3.08804
       0.376238       0.600061    0.000490358       -3.08804
       0.386139       0.592356    0.000484062       -3.08804
        0.39604       0.584445    0.000477597       -3.08804
       0.405941       0.576348     0.00047098       -3.08804
       0.415842       0.568081    0.000464224       -3.08804
       0.425743       0.559661    0.000457344       -3.08804
       0.435644       0.551102     0.00045035       -3.08804
       0.445545       0.542417    0.000443253       -3.08804
       0.455446       0.533619    0.000436063       -3.08804
       0.465347       0.524717    0.000428789       -3.08804
       0.475248       0.515722    0.000421438       -3.08804
       0.485149       0.506643    0.000414018       -3.08804
        0.49505       0.497487    0.000406536       -3.08804
        0.50495       0.488261    0.000398997       -3.08804
       0.514851       0.478972    0.000391407       -3.08804
       0.524752       0.469627     0.00038377       -3.08804
       0.534653        0.46023    0.000376091       -3.08804
       0.544554       0.450786    0.000368374       -3.08804
       0.554455         0.4413    0.000360622       -3.08804
       0.564356       0.431776    0.000352839       -3.08804
       0.574257       0.422217    0.000345028       -3.08804
       0.584158       0.412627     0.00033719       -3.08804
       0.594059       0.403008     0.00032933       -3.08804
        0.60396       0.393363    0.000321449       -3.08804
       0.613861       0.383695    0.000313548       -3.08804
       0.623762       0.374006     0.00030563       -3.08804
       0.633663       0.364297    0.000297697       -3.08804
       0.643564       0.354572    0.000289749       -3.08804
       0.653465        0.34483    0.000281789       -3.08804
       0.663366       0.335075    0.000273816       -3.08804
       0.673267       0.325306    0.000265834       -3.08804
       0.683168       0.315526    0.000257842       -3.08804
       0.693069       0.305735    0.000249841       -3.08804
        0.70297       0.295935    0.000241832       -3.08804
       0.712871       0.286126    0.000233816       -3.08804
       0.722772       0.276309    0.000225794       -3.08804
       0.732673       0.266485    0.000217766       -3.08804
       0.742574       0.256654    0.000209733       -3.08804
       0.752475       0.246818    0.000201695       -3.08804
       0.762376       0.236976    0.000193652       -3.08804
       0.772277        0.22713    0.000185606       -3.08804
       0.782178       0.217279    0.000177556       -3.08804
       0.792079       0.207424    0.000169503       -3.08804
        0.80198       0.197566    0.000161447       -3.08804
       0.811881       0.187704    0.000153388       -3.08804
       0.821782        0.17784    0.000145327       -3.08804
       0.831683       0.167973    0.000137264       -3.08804
       0.841584       0.158104    0.000129199       -3.08804
       0.851485       0.148232    0.000121132       -3.08804
       0.861386       0.138358    0.000113064       -3.08804
       0.871287       0.128483    0.000104994       -3.08804
       0.881188       0.118606    9.69225e-05       -3.08804
       0.891089       0.108728      8.885e-05       -3.08804
        0.90099      0.0988478    8.07765e-05       -3.08804
       0.910891      0.0889669     7.2702e-05       -3.08804
       0.920792      0.0790849    6.46266e-05       -3.08804
       0.930693      0.0692018    5.65504e-05       -3.08804
       0.940594      0.0593179    4.84735e-05       -3.08804
       0.950495      0.0494332    4.03959e-05       -3.08804
       0.960396      0.0395478    3.23177e-05       -3.08804
       0.970297      0.0296617    2.42389e-05       -3.08804
       0.980198       0.019775    1.61597e-05       -3.08804
       0.990099     0.00988774    8.08006e-06       -3.08804
              1              0    5.88857e-18              0
